86 80 10 82 32 75 99 50 68 60 67 20 55 22 1 76 39 9 89 87 21 27 48 80 81 69 33 74 36 63 46 30 48 64 19 10 74 76 9 38 57 51 79 18 65 70 86 53 78 16 35 24 46 78 13 10 28 55 31 70 18 15 39 74 74 58 39 47 60 32 4 60 19 42 93 60 61 60 57 30 72 37 76 95 3 98 91 34 20 2 78 79 83 77 50 38 86 12 79 57 
54 37 92 85 66 91 36 20 79 20 87 51 45 89 85 79 48 37 10 33 53 18 15 38 1 84 20 22 77 44 7 0 72 73 52 95 11 52 61 4 64 1 87 4 21 27 22 48 89 72 1 90 54 11 38 49 29 66 65 7 36 79 10 97 43 9 72 20 28 90 7 44 14 36 10 26 20 9 74 70 78 31 77 9 17 60 2 7 72 97 40 12 17 9 73 63 13 97 49 96 
95 65 43 30 7 49 47 60 66 29 49 42 87 94 17 98 34 14 52 4 16 78 10 41 10 62 32 7 11 44 19 73 19 81 93 52 37 80 35 99 79 16 17 87 69 28 78 14 95 93 23 25 63 61 78 75 34 37 81 35 45 80 57 13 75 5 36 94 50 25 14 42 11 6 31 25 58 55 92 24 57 85 40 49 32 81 89 1 40 36 43 13 44 51 16 23 1 46 77 30 
69 63 31 5 14 67 78 37 4 13 62 40 76 14 22 52 22 31 94 91 46 97 60 37 14 22 19 88 4 49 11 2 69 63 43 76 73 6 91 62 73 63 0 87 73 75 74 2 83 56 22 57 71 61 65 93 81 49 31 35 52 55 91 9 8 13 45 96 2 1 5 72 15 53 92 64 34 2 96 0 46 18 69 92 95 7 85 67 15 3 59 40 17 51 60 80 25 85 42 76 
18 30 70 32 92 46 95 20 12 25 7 69 91 1 78 99 34 49 1 39 74 78 16 20 98 56 87 6 8 75 9 8 2 74 98 1 86 32 80 77 60 17 56 66 82 43 30 95 0 69 84 79 61 52 90 73 34 57 27 3 29 95 35 33 65 21 22 67 24 81 84 73 92 86 78 38 63 66 12 3 73 25 67 93 96 58 40 42 54 47 65 19 4 76 8 62 54 58 70 79 
50 86 58 88 26 7 34 61 94 48 21 63 33 71 1 40 15 16 3 12 91 22 37 95 5 75 63 91 47 47 89 48 23 91 88 80 77 29 7 7 87 51 92 91 88 68 67 49 65 30 86 81 77 14 74 66 48 96 73 93 19 78 20 78 89 63 38 87 25 69 74 45 98 56 70 80 83 11 65 3 52 60 6 24 40 91 65 97 66 31 85 15 13 20 26 69 35 88 45 24 
81 77 66 2 3 34 38 69 24 70 86 18 87 81 54 97 13 56 17 79 41 27 20 85 39 73 28 86 69 68 53 20 27 45 41 67 91 75 57 74 52 11 82 34 71 94 95 33 54 18 67 32 70 50 73 11 68 73 6 48 16 28 13 42 38 99 76 90 68 53 23 60 44 75 95 92 82 83 65 7 57 89 74 40 34 50 81 10 40 63 95 76 10 48 82 42 58 34 77 85 
20 29 43 98 66 38 19 87 49 52 11 75 48 49 55 44 95 0 19 9 59 20 87 48 72 24 27 80 63 49 40 60 85 19 98 72 60 12 10 48 52 25 85 38 53 14 81 15 63 24 4 85 97 25 99 38 74 7 89 97 26 81 48 81 17 91 7 47 61 44 81 61 84 45 80 7 94 39 18 21 0 1 96 20 23 59 7 82 65 67 80 76 21 66 46 46 46 32 99 62 
4 55 35 44 19 77 32 38 61 14 87 54 80 29 58 81 3 45 74 42 79 94 87 78 85 79 34 15 94 52 9 37 59 66 65 9 18 5 81 32 77 65 66 39 30 90 63 5 74 38 57 80 66 33 74 77 58 2 67 6 24 77 14 69 57 67 23 26 54 97 73 67 62 89 59 92 54 57 90 82 1 65 68 48 24 12 75 59 45 45 61 33 84 20 30 33 30 86 48 65 
50 77 3 38 68 17 25 23 43 54 60 75 82 87 10 92 35 14 99 20 44 29 89 39 6 49 80 17 78 89 41 54 9 88 29 42 15 87 81 74 35 57 0 92 15 72 11 90 62 77 97 66 93 6 11 29 2 51 29 17 65 42 89 15 89 60 23 29 19 37 3 12 85 61 11 22 62 56 88 14 80 87 26 51 58 68 82 2 32 32 48 78 51 51 41 34 57 39 98 90 
96 44 54 2 93 20 37 96 21 43 85 26 87 89 53 75 73 7 47 50 76 86 18 87 32 54 0 26 33 98 70 62 98 84 58 66 48 0 25 58 18 8 33 24 26 11 80 8 33 22 37 29 58 58 58 77 36 27 95 64 17 89 66 91 69 9 60 59 80 58 99 96 47 96 21 95 53 68 55 76 5 78 45 56 22 16 93 58 56 20 42 83 93 55 19 39 26 67 64 26 
74 37 24 11 99 23 32 24 12 62 63 74 51 79 55 42 24 44 27 20 82 48 52 83 93 26 69 10 11 81 33 77 62 67 36 15 66 41 35 53 59 47 0 47 98 65 6 27 37 81 67 63 39 62 26 88 65 48 95 50 5 76 16 15 93 62 83 94 72 2 93 25 66 32 33 82 42 44 58 12 51 52 93 97 52 19 83 19 5 22 21 89 17 44 57 72 61 92 15 50 
5 65 92 5 53 77 3 11 43 63 4 24 4 5 30 80 39 47 76 59 93 36 8 99 89 85 87 41 12 43 27 30 21 24 73 59 93 98 93 14 25 3 52 23 14 68 42 16 90 5 40 17 57 97 60 94 63 99 30 77 8 91 17 91 72 9 38 74 4 26 28 12 12 85 5 94 51 29 32 79 92 27 72 63 42 35 52 72 14 89 35 28 27 66 61 67 14 21 11 38 
19 19 68 40 28 94 56 16 33 56 45 31 28 47 92 67 38 60 69 5 45 29 6 75 91 47 9 72 95 96 39 32 59 79 20 43 30 25 89 97 94 76 1 40 52 38 75 21 55 73 2 43 98 93 70 53 78 69 46 30 68 73 63 95 86 3 28 43 36 73 43 42 49 98 23 84 47 40 89 47 83 62 84 84 8 98 48 30 11 85 71 79 47 29 10 67 18 3 78 10 
35 65 50 46 30 54 79 25 93 33 27 31 28 66 18 99 11 23 83 70 30 3 53 65 18 45 69 77 18 78 95 24 80 6 99 37 17 60 42 66 74 29 37 85 12 11 53 77 11 58 76 62 87 83 39 48 23 3 16 52 65 82 14 7 53 0 2 35 6 20 96 20 2 11 91 15 41 43 77 45 40 89 50 89 22 72 43 98 12 19 86 80 89 53 8 97 40 19 62 57 
77 57 92 81 25 36 51 55 66 95 49 47 66 9 22 0 87 3 25 65 63 19 72 10 1 16 60 10 24 74 40 78 22 48 63 88 51 60 8 4 55 51 38 35 21 14 96 2 82 96 86 9 54 94 21 52 93 19 24 0 84 79 19 71 17 21 76 54 60 11 4 19 28 51 19 74 70 68 3 63 27 23 98 0 28 3 74 13 73 25 28 41 70 84 44 35 22 28 76 77 
29 49 7 19 17 87 9 7 7 39 96 15 54 12 8 56 60 47 62 58 1 20 45 48 61 10 11 66 77 37 47 92 96 9 78 52 70 70 99 54 29 66 86 15 80 7 73 4 92 94 6 49 49 42 51 46 1 77 43 52 7 35 80 51 70 29 33 26 87 97 18 48 33 90 74 86 99 39 84 85 31 47 49 77 73 48 97 42 34 12 88 78 14 0 7 51 60 79 11 46 
80 88 74 0 9 24 87 40 61 61 14 82 81 80 64 58 77 18 8 16 4 13 83 91 56 26 2 95 68 68 45 11 45 79 42 98 51 77 74 22 60 45 39 23 50 39 7 73 49 80 15 64 19 10 56 63 99 94 78 71 0 75 23 14 27 62 10 75 85 36 75 3 74 83 74 16 7 69 97 29 26 53 95 59 87 72 95 63 33 39 22 40 91 18 88 9 20 12 71 10 
33 56 53 83 61 87 43 14 86 22 75 63 90 75 92 84 48 39 38 22 56 51 95 9 44 79 12 14 65 94 61 59 86 24 64 55 35 52 47 12 24 50 4 1 43 68 93 68 75 51 88 32 86 68 0 98 61 15 88 5 91 60 51 91 64 1 54 42 83 32 58 19 21 76 41 73 67 41 62 17 70 87 3 77 90 87 79 71 9 50 0 56 0 10 26 49 22 51 56 60 
80 61 87 21 78 62 65 31 96 94 0 17 6 61 95 74 48 52 48 69 84 12 23 33 18 36 74 25 46 6 1 90 16 32 55 48 25 2 81 21 40 6 51 32 84 91 5 31 24 67 1 47 54 65 22 0 84 13 58 55 55 69 3 2 62 88 58 12 28 29 81 21 33 15 30 0 6 98 61 86 29 16 63 70 15 76 20 11 17 71 82 20 33 77 70 35 38 59 26 31 
13 11 16 2 18 11 62 11 38 5 82 37 62 74 44 13 95 50 30 88 87 92 23 43 65 43 67 14 48 95 74 71 14 55 63 29 23 35 79 93 14 42 81 79 32 66 88 64 90 27 23 42 81 45 69 97 29 9 86 1 76 65 80 44 21 3 53 97 23 83 52 88 64 35 57 0 96 73 15 23 60 83 60 82 31 86 75 92 42 91 70 79 91 93 37 36 96 65 11 94 
80 2 93 18 87 54 35 49 66 92 52 67 66 66 61 43 89 54 10 59 16 7 23 96 7 55 40 81 98 58 48 5 65 30 91 14 11 1 99 5 98 46 99 51 30 91 65 57 19 15 46 31 0 79 75 61 25 79 94 90 51 98 5 72 38 53 38 53 0 80 20 9 65 38 65 43 13 80 9 48 37 79 66 94 68 65 75 45 58 12 78 20 79 41 41 37 36 12 69 90 
78 5 62 91 89 59 66 20 36 19 80 73 39 51 22 39 66 91 34 12 36 27 45 70 38 42 45 68 81 3 61 57 41 18 15 17 75 90 25 41 54 69 27 11 37 83 11 74 68 22 50 55 4 8 54 20 48 99 57 28 42 6 93 98 45 37 52 11 44 27 71 38 22 57 89 7 60 50 69 48 84 25 47 29 91 67 6 62 97 6 12 5 39 88 90 38 18 12 48 55 
63 58 7 92 94 85 95 31 18 46 7 88 52 38 38 18 40 64 9 29 5 32 67 87 41 3 16 40 80 32 56 99 83 50 14 94 52 51 96 85 36 85 74 34 82 67 31 31 42 78 10 68 56 44 37 87 98 25 74 21 87 56 31 51 6 96 75 12 86 64 37 29 59 32 29 38 77 21 17 7 75 78 66 71 3 52 27 48 76 47 44 67 96 46 79 13 47 9 51 95 
75 96 54 17 74 43 37 29 73 48 85 14 94 20 72 7 24 30 68 38 89 49 43 49 25 32 96 83 38 51 42 66 3 59 34 3 88 21 69 14 74 96 10 81 71 8 65 91 73 91 45 90 3 30 99 12 60 15 7 88 58 70 19 97 18 1 30 31 23 28 42 14 16 84 61 31 94 38 24 83 60 19 70 63 97 44 11 14 51 35 88 81 5 40 98 68 0 37 45 39 
18 10 40 88 99 38 94 48 35 90 66 52 67 98 10 45 98 29 20 57 52 96 78 77 22 83 69 8 61 24 44 33 56 64 58 48 55 12 92 44 14 95 83 81 4 84 57 84 20 10 42 24 9 10 70 88 6 41 25 52 81 18 47 40 43 78 65 46 52 71 59 96 63 74 74 30 85 36 29 93 54 67 64 72 72 24 16 50 63 12 73 17 69 79 65 53 62 56 36 47 
54 79 60 39 70 67 47 4 85 16 63 75 8 99 82 39 88 87 54 0 86 77 19 97 35 71 66 91 45 90 88 94 90 71 15 38 31 66 16 18 80 22 58 31 42 24 33 73 37 19 55 29 51 39 83 30 20 25 11 66 8 91 44 7 22 85 67 15 99 82 66 36 77 86 68 24 28 12 29 0 94 44 37 29 46 88 22 36 33 46 16 90 83 92 1 19 11 63 85 60 
0 17 96 63 50 50 37 74 22 56 85 26 41 54 17 49 44 98 36 73 12 7 52 32 82 9 98 73 86 14 96 21 83 21 40 81 38 53 2 1 96 32 30 66 53 44 98 4 31 98 64 83 31 81 20 59 38 14 49 26 5 54 81 72 45 31 74 57 81 38 55 18 3 40 59 17 71 15 40 66 13 36 87 18 24 15 7 95 57 31 3 76 26 98 80 55 28 75 83 60 
48 86 47 32 45 63 13 81 37 67 65 4 72 48 56 72 65 60 58 97 36 3 22 69 40 4 92 34 94 28 91 44 73 81 87 12 7 71 8 44 56 40 79 81 14 53 36 87 21 63 45 48 52 95 74 28 2 90 38 35 50 24 61 72 93 11 70 88 58 86 63 34 68 42 18 89 86 29 94 82 59 17 59 25 59 23 66 54 34 53 61 48 55 45 2 52 76 63 53 18 
44 21 6 26 45 17 71 49 88 66 39 22 13 10 16 66 3 23 47 26 91 21 34 92 51 28 25 5 55 99 83 58 67 4 6 4 56 12 53 8 67 13 55 14 82 6 30 73 2 87 5 68 93 94 80 44 25 33 83 94 92 13 29 18 6 18 7 96 71 48 38 74 89 70 65 46 66 0 26 9 30 22 39 16 56 7 52 11 17 68 71 27 21 6 18 12 56 33 92 79 
24 77 19 51 65 92 34 15 25 94 99 31 42 58 49 83 0 34 57 61 79 96 58 61 4 14 4 43 99 39 18 72 81 23 82 40 91 17 1 31 91 26 58 90 73 45 84 60 41 49 60 90 15 3 51 27 71 40 92 76 26 9 85 71 44 45 7 68 11 7 11 16 24 69 78 98 9 84 92 52 59 65 17 23 9 55 68 33 81 62 16 6 49 75 28 52 76 77 94 88 
50 39 83 2 21 99 49 32 85 31 68 6 39 30 75 11 97 77 30 36 61 22 0 21 92 48 95 36 41 49 34 19 18 13 46 0 36 64 59 27 49 61 9 82 91 63 3 71 28 44 3 3 5 5 92 37 63 2 7 23 2 66 43 69 4 17 99 98 98 79 18 79 69 36 59 16 96 18 96 9 32 54 91 10 36 27 26 35 86 87 56 87 21 0 94 14 16 54 51 64 
64 97 55 16 57 2 60 25 31 85 39 64 26 85 5 81 10 76 1 86 33 12 45 50 25 26 83 55 43 17 18 43 56 42 64 91 46 64 39 36 38 93 7 65 39 43 98 17 19 75 67 59 92 41 47 79 42 26 33 19 55 50 87 58 64 6 25 87 78 6 22 21 63 6 1 42 49 14 98 97 83 21 69 49 99 18 13 51 28 14 53 30 6 21 59 77 74 85 78 12 
18 3 46 97 12 91 8 46 86 7 36 10 54 42 38 80 43 78 32 88 43 7 46 9 98 46 1 13 40 43 82 39 42 17 54 91 59 18 14 29 56 49 88 27 20 38 66 4 22 75 36 92 44 97 73 67 49 29 94 89 81 15 57 35 75 26 63 43 11 61 84 67 89 90 36 92 34 81 3 70 22 83 92 75 17 40 49 80 94 29 54 77 80 74 16 93 59 99 64 5 
71 97 52 33 92 28 33 65 10 11 18 53 41 95 48 60 51 31 47 53 13 55 76 53 23 60 91 35 20 56 58 38 13 70 34 95 21 20 46 47 33 35 10 53 29 91 89 47 35 35 35 12 37 7 56 14 57 53 73 47 28 1 80 86 36 32 41 79 48 38 8 89 52 34 65 39 48 2 75 84 19 53 32 56 16 33 39 27 30 64 79 72 73 61 47 31 12 34 74 79 
96 42 34 79 45 24 59 2 80 18 73 96 21 23 50 66 45 5 5 9 58 47 48 87 58 17 79 71 73 34 25 42 35 79 38 26 94 57 61 62 52 41 88 86 59 17 63 96 68 10 73 51 17 88 9 59 71 33 35 81 19 54 73 85 53 50 80 41 77 89 63 3 8 32 72 98 83 49 92 21 81 61 76 57 55 44 49 16 79 29 52 13 51 59 26 46 48 8 61 20 
40 43 48 2 75 3 76 29 40 29 28 14 24 86 13 11 81 75 81 19 68 77 5 68 31 13 13 96 73 90 53 68 58 84 21 98 95 85 32 45 77 74 41 5 26 69 65 42 69 76 73 18 37 1 43 53 56 83 54 64 28 91 71 67 7 8 81 24 27 64 77 65 8 40 31 92 57 78 80 53 64 17 16 96 34 12 89 25 22 43 60 44 61 90 68 12 27 51 81 75 
43 10 87 46 44 47 23 31 10 68 85 60 7 32 95 94 60 11 44 78 58 99 68 23 37 18 39 76 93 17 1 7 0 16 13 62 29 23 29 4 22 49 76 96 68 94 49 50 93 46 75 94 22 28 34 13 34 60 89 77 11 45 8 72 0 26 48 60 7 95 20 26 15 15 62 96 21 11 43 63 94 57 31 93 76 46 9 27 18 56 26 42 53 49 62 15 32 4 23 69 
86 65 57 70 59 15 55 48 36 31 32 57 43 0 64 41 43 69 65 36 95 30 33 48 53 7 49 79 32 33 79 95 6 99 27 69 4 16 11 13 83 1 61 25 1 86 33 84 46 16 35 4 63 26 2 77 84 4 74 64 85 19 64 89 43 2 71 56 56 8 88 66 33 39 33 46 42 44 39 77 43 80 39 28 61 75 98 27 78 91 3 67 57 84 29 44 34 17 56 23 
94 65 57 59 49 35 9 32 59 94 89 57 89 53 56 27 16 31 61 6 71 62 24 15 66 37 38 2 49 90 7 88 85 12 60 57 37 46 73 24 93 36 68 35 36 63 55 21 34 28 2 1 96 39 85 28 74 10 60 14 93 67 72 65 79 65 13 67 92 0 0 21 99 62 96 67 40 46 63 86 38 23 42 76 15 88 21 19 31 50 3 44 3 65 54 65 39 92 41 9 
46 60 87 51 16 80 36 90 49 2 97 99 0 95 76 39 98 39 92 31 32 31 18 33 45 40 17 93 9 77 8 83 31 96 25 75 98 53 60 50 51 38 64 91 40 6 5 79 35 28 51 36 56 3 30 0 21 16 83 44 21 95 85 98 7 10 59 40 16 30 45 42 26 95 97 95 26 6 37 59 60 29 74 67 97 79 71 41 62 53 25 82 15 39 53 9 70 11 29 94 
86 15 75 31 58 53 20 66 46 0 55 59 64 16 24 51 66 87 76 1 99 46 82 59 87 90 63 81 49 7 94 14 44 60 45 67 95 60 8 24 32 8 16 31 74 35 26 8 87 74 61 99 98 64 8 96 78 77 76 56 34 77 6 98 74 76 52 77 49 0 70 17 0 74 83 44 84 32 95 90 36 10 11 99 22 43 87 0 10 55 60 60 18 75 42 17 40 57 71 65 
1 96 29 86 19 94 29 9 85 28 0 42 1 17 54 13 31 55 92 79 92 31 90 93 26 83 34 56 58 17 15 12 93 37 6 70 31 15 65 47 65 74 37 3 22 0 25 94 53 44 87 34 13 60 47 97 12 26 5 41 24 25 8 81 71 19 76 97 38 74 76 93 48 64 25 42 87 91 65 77 48 21 59 28 43 23 22 66 34 96 72 19 50 69 77 40 9 6 72 32 
82 91 89 27 90 56 72 21 1 34 89 71 76 35 53 18 36 84 43 32 10 89 38 66 32 88 91 10 17 98 50 58 25 10 73 37 43 15 15 31 82 96 22 67 25 6 4 54 58 95 16 73 30 68 32 87 47 12 93 50 33 98 25 27 77 59 32 28 59 9 10 57 63 35 60 97 87 90 73 18 99 59 19 83 77 71 74 49 53 51 36 0 31 47 1 16 32 49 85 11 
59 74 4 81 65 53 74 73 51 43 7 85 22 70 36 97 2 68 75 12 92 74 43 77 18 22 8 64 29 17 17 79 25 49 70 10 50 47 8 20 71 60 83 24 42 70 60 96 55 0 99 1 22 1 79 79 62 0 95 71 60 83 27 98 6 12 72 80 36 61 83 5 0 75 97 34 61 24 59 3 55 47 76 63 49 72 51 45 67 68 77 66 96 55 52 54 87 73 29 23 
54 62 91 8 91 18 40 39 90 47 72 58 46 88 51 14 27 78 4 28 1 9 52 39 27 93 67 71 78 17 17 0 47 4 31 22 62 30 21 96 93 45 79 6 76 41 31 59 62 32 94 58 32 46 76 9 56 9 25 51 29 28 73 99 13 25 12 14 31 51 79 83 14 41 6 41 93 60 46 33 73 2 80 10 60 4 34 21 3 38 86 80 82 29 21 66 63 50 14 32 
44 24 7 15 81 42 10 69 73 70 16 32 96 72 31 37 49 47 98 49 36 97 81 82 51 46 44 15 89 59 28 37 87 63 56 61 2 81 66 6 61 95 54 49 47 14 90 69 99 71 95 64 40 62 50 27 79 73 15 49 35 83 46 96 71 50 35 87 6 38 48 11 31 66 59 2 94 20 6 52 39 12 81 62 45 57 75 69 6 75 65 69 89 8 9 25 76 6 75 24 
63 84 72 24 28 85 61 74 85 33 70 38 31 41 34 36 36 29 9 67 76 88 47 70 59 72 25 52 82 55 33 92 98 41 99 93 57 18 5 38 84 54 79 93 4 67 87 5 78 8 15 94 93 80 8 76 69 64 13 82 97 20 57 76 84 83 29 51 92 74 2 32 7 67 36 95 51 66 35 85 81 48 95 1 65 94 49 3 55 32 30 30 33 67 50 23 39 7 97 33 
71 93 13 23 14 8 90 32 30 86 24 53 43 54 25 16 64 7 98 32 5 72 43 57 98 26 41 73 37 61 20 27 32 23 29 35 86 69 25 2 67 79 62 12 74 50 90 47 58 68 70 2 56 67 93 70 32 66 13 27 60 45 85 94 13 43 28 25 13 93 68 87 53 28 82 62 68 79 46 47 51 22 6 17 90 55 24 17 43 59 11 16 46 14 85 77 13 75 46 76 
72 77 20 75 44 95 4 32 67 43 60 43 11 28 5 42 9 26 59 62 3 81 2 32 9 78 23 92 35 5 76 64 24 73 56 32 59 2 71 9 97 56 68 79 38 41 56 32 63 57 26 46 17 75 75 28 83 95 76 39 13 90 70 30 39 49 57 40 56 14 56 45 29 23 88 8 1 84 38 75 50 12 26 52 87 90 14 83 15 46 92 59 78 93 35 41 11 29 79 54 
86 30 50 17 55 36 2 93 30 58 88 88 16 70 71 44 82 79 54 9 37 99 30 71 30 80 4 25 75 21 85 11 33 88 38 0 79 3 38 11 55 91 34 78 59 73 8 63 39 91 60 42 61 73 19 76 29 81 32 7 18 56 79 58 17 90 60 94 21 55 1 48 6 23 59 49 90 39 98 96 89 21 83 15 83 10 66 81 75 38 0 38 46 83 6 19 86 81 83 95 
17 42 62 70 13 90 40 2 5 45 37 71 67 96 36 87 11 0 16 42 60 53 11 30 42 70 18 98 24 73 59 96 19 34 6 20 3 67 8 64 43 87 96 1 3 43 18 15 73 92 88 23 81 6 94 59 42 5 6 76 44 46 5 16 95 20 25 55 35 67 88 55 2 12 23 37 28 31 22 81 77 18 43 5 60 43 1 94 62 31 71 12 92 20 57 68 61 76 78 74 
71 38 59 27 85 90 71 43 38 64 63 63 16 30 16 39 58 47 39 34 34 78 52 78 81 14 42 26 50 97 74 53 98 32 58 93 84 75 0 99 28 46 82 69 60 67 48 29 32 37 77 4 6 56 30 55 24 21 45 96 8 32 56 17 76 69 16 56 72 76 77 90 60 21 7 98 66 54 87 52 72 2 70 23 42 70 61 38 95 69 41 10 64 86 77 64 93 73 50 21 
3 53 79 51 93 0 93 46 71 3 24 31 32 70 67 7 86 8 40 99 72 54 31 26 67 9 65 77 37 71 4 46 46 86 53 59 51 69 53 37 29 14 88 34 34 1 39 0 35 73 36 87 29 44 71 66 43 46 83 77 96 28 45 93 21 78 92 37 95 42 86 24 10 3 50 42 64 94 15 7 99 31 92 97 40 42 8 46 34 56 43 66 22 44 30 46 65 15 56 17 
11 43 21 85 97 42 87 78 9 18 14 95 35 92 60 69 12 90 47 44 35 57 90 59 0 55 74 51 92 3 52 79 56 98 41 31 57 22 86 10 84 46 82 56 88 57 30 88 81 94 83 98 86 79 16 12 80 68 50 18 36 35 56 48 86 34 51 63 40 20 40 87 75 16 16 15 81 14 68 49 86 71 37 43 10 79 16 62 79 93 85 83 79 27 89 55 86 50 19 47 
9 0 13 99 97 8 10 87 17 67 46 60 29 68 16 40 81 29 59 24 46 8 68 44 51 42 11 84 10 11 64 6 80 46 48 53 30 4 12 20 22 43 45 5 81 39 57 80 86 25 25 90 27 98 11 27 67 2 85 24 8 57 99 65 49 62 26 94 90 18 29 19 99 23 85 17 74 6 15 79 97 78 29 65 36 47 45 88 18 45 56 78 30 28 95 71 92 71 66 16 
21 75 90 55 99 71 25 35 41 95 7 85 66 21 99 96 52 10 30 73 54 96 4 26 94 67 13 0 5 82 33 90 36 96 15 88 60 39 69 48 16 0 73 7 61 43 32 11 86 13 84 96 30 35 84 29 47 56 68 24 64 59 30 33 77 74 83 10 65 67 27 18 60 85 40 12 66 82 72 15 48 18 44 60 58 93 24 22 68 77 37 44 93 50 66 71 21 40 62 10 
14 79 13 24 73 56 97 65 50 62 62 91 13 22 9 66 26 56 29 53 7 83 52 87 69 59 93 10 76 60 45 99 23 54 51 83 84 47 19 24 91 65 91 67 89 29 33 76 10 94 43 18 39 30 36 78 78 41 2 34 19 72 48 54 56 89 6 65 51 68 11 44 22 21 22 47 16 6 60 13 98 0 17 86 44 45 69 31 61 38 57 37 52 46 10 46 61 36 49 77 
72 61 64 38 56 83 92 52 34 31 27 94 62 50 76 8 62 90 56 96 39 44 35 93 17 59 32 39 99 67 25 43 1 42 27 84 55 23 40 9 47 46 26 33 55 44 19 45 5 31 57 77 14 76 12 22 48 22 33 61 16 70 22 96 68 61 39 85 65 33 87 59 27 64 76 37 79 29 19 36 45 69 91 76 8 33 11 50 19 53 26 33 5 24 31 79 27 73 34 9 
45 89 89 53 74 5 82 74 87 79 56 97 23 44 3 59 20 73 93 19 97 2 47 38 75 26 53 52 36 65 97 16 2 90 45 55 92 53 43 9 12 48 53 24 45 96 57 49 65 34 26 16 82 90 23 20 52 60 31 79 82 66 74 63 30 54 60 73 14 32 16 1 36 81 34 58 80 4 12 99 13 45 53 38 41 77 38 52 42 94 46 41 85 72 69 66 36 51 13 28 
6 69 12 34 25 42 40 82 1 18 80 92 43 86 90 60 76 23 2 1 35 20 54 29 33 15 41 35 76 38 25 15 33 25 68 93 94 78 43 28 74 52 70 68 19 57 62 34 82 92 76 63 5 46 18 12 10 30 7 12 86 58 91 78 28 0 12 17 70 27 62 37 37 95 42 0 21 46 65 92 23 51 55 63 3 67 42 37 68 59 43 0 22 77 44 38 17 98 95 14 
67 11 54 60 88 70 83 18 77 24 6 47 63 73 81 84 32 68 3 60 23 76 12 92 52 9 28 26 66 23 25 81 12 39 83 61 61 7 70 85 31 21 98 82 63 62 26 6 46 49 53 53 23 26 70 14 96 91 58 86 66 82 4 12 49 7 88 85 18 68 38 54 75 47 24 34 81 98 19 37 80 34 19 97 84 56 98 21 54 79 91 75 13 56 17 30 34 94 49 51 
61 19 12 43 53 2 13 10 46 25 44 14 14 62 66 19 51 88 32 22 42 17 90 56 30 25 83 84 79 74 19 55 17 30 8 95 54 72 1 34 50 94 44 0 84 31 33 87 38 40 99 63 92 65 60 41 11 9 36 20 4 29 58 78 14 73 97 18 52 64 27 6 82 91 51 24 34 87 37 86 54 38 20 79 21 74 80 22 11 60 72 45 49 4 1 70 80 26 11 45 
68 1 39 39 0 38 91 69 65 99 66 43 12 76 35 34 87 77 3 64 86 69 12 91 2 27 89 2 75 68 3 39 75 96 63 88 58 28 9 19 87 87 79 63 18 51 11 25 40 98 20 46 92 66 64 91 67 10 73 15 91 46 53 24 91 13 60 21 42 88 12 50 61 58 49 60 18 98 36 3 6 45 68 61 81 45 27 0 97 88 74 67 84 13 60 53 86 72 37 19 
10 88 62 35 31 42 51 0 15 19 27 20 63 78 19 7 74 7 61 71 58 15 91 89 46 25 21 37 79 76 68 36 77 58 43 5 58 49 1 86 16 88 88 85 2 44 88 35 89 23 80 82 4 97 94 29 34 73 16 52 1 83 41 47 95 7 36 56 48 48 61 71 27 50 14 37 30 80 32 66 75 67 22 79 97 95 60 76 98 19 20 3 70 71 81 93 47 7 5 77 
27 59 25 50 19 49 90 12 73 38 78 38 16 45 51 30 23 89 43 33 27 61 65 85 49 37 55 4 83 70 9 51 33 54 69 63 28 1 27 2 70 26 67 98 61 74 20 33 76 10 35 44 42 32 4 58 54 65 37 47 50 12 97 90 88 92 70 30 54 93 58 32 41 4 6 6 56 66 72 14 70 80 71 2 57 36 53 10 45 90 40 7 64 80 8 71 31 54 52 48 
33 83 42 21 58 52 48 99 51 77 77 28 68 69 56 42 94 17 79 58 70 38 54 7 1 99 39 25 14 72 6 92 65 25 60 14 41 37 85 92 21 95 92 24 46 38 74 12 32 15 43 9 21 83 75 19 42 89 45 16 4 98 68 15 14 84 52 86 90 44 84 45 77 75 67 45 31 99 43 5 86 45 96 72 74 90 39 59 29 46 35 4 87 36 48 48 81 92 13 73 
89 81 49 98 65 51 42 31 65 15 98 24 38 56 47 10 89 7 21 88 71 98 45 74 98 14 95 99 92 48 32 71 7 40 29 32 92 49 13 83 7 8 5 49 35 4 96 19 6 69 41 13 44 12 2 73 17 7 0 24 44 26 84 41 90 64 80 11 34 73 2 59 29 80 9 77 53 9 30 55 82 34 56 14 57 25 87 78 9 16 93 24 66 0 6 2 3 91 30 5 
63 29 88 85 88 56 93 42 4 31 97 71 87 76 66 24 48 78 43 92 88 89 78 38 84 47 89 2 27 67 45 32 51 56 73 13 54 48 86 31 64 33 3 10 79 24 42 46 55 8 99 79 15 34 36 58 24 47 50 18 88 33 72 23 38 97 81 54 48 52 83 69 9 80 73 48 92 26 33 32 84 98 42 35 2 39 51 85 44 19 29 21 68 81 25 83 28 1 34 16 
38 87 25 62 79 9 62 18 80 50 58 47 37 31 21 13 78 47 18 94 2 49 89 43 57 54 64 62 21 84 1 67 45 23 27 61 82 89 43 19 41 83 46 62 49 22 72 64 17 59 38 9 21 59 86 81 65 86 87 62 21 66 17 72 99 82 42 62 90 31 19 75 29 35 32 65 56 28 86 64 76 55 50 98 20 78 66 54 51 91 99 87 29 70 35 22 54 9 66 70 
40 46 80 38 43 64 25 53 89 73 47 54 0 39 71 74 89 2 62 14 55 42 79 91 75 58 70 37 36 68 66 72 2 13 38 25 95 19 9 0 18 85 32 1 76 35 89 29 47 63 37 73 32 95 48 73 60 56 24 66 31 38 87 64 46 53 2 12 17 68 39 29 70 96 73 33 7 19 3 61 46 96 41 72 88 62 1 74 49 97 25 52 34 61 12 19 6 18 32 33 
89 94 15 1 77 73 57 75 83 86 13 88 2 43 46 11 42 70 72 47 69 53 90 31 20 87 98 92 16 32 83 22 71 75 43 62 3 85 33 78 75 85 0 65 67 42 21 52 66 73 1 93 83 59 63 3 55 29 8 11 74 22 96 74 75 1 32 31 41 40 5 54 99 20 48 64 90 42 18 21 77 37 41 56 53 61 75 29 46 47 51 21 82 54 42 9 61 53 5 8 
85 50 32 79 23 11 48 66 17 91 20 37 41 87 80 54 38 33 83 65 85 56 71 41 67 58 10 12 69 63 20 6 28 59 34 90 31 1 69 30 61 4 27 80 43 31 49 57 97 92 34 93 48 94 55 35 93 39 84 26 91 51 13 44 94 50 20 82 23 84 82 61 2 39 5 27 47 64 53 8 88 90 65 59 23 79 96 16 88 37 3 92 68 20 57 91 44 44 90 84 
11 42 4 73 85 86 67 81 70 4 3 64 2 15 40 2 18 20 29 3 80 59 63 8 86 99 36 57 96 97 67 46 27 76 87 28 20 6 92 38 38 85 52 92 95 22 42 58 85 13 31 96 29 87 22 8 19 65 5 68 44 69 32 87 83 74 62 98 49 31 78 95 1 28 60 36 19 40 15 88 65 70 81 39 27 67 85 12 85 47 29 56 38 52 24 48 75 43 29 65 
15 24 81 3 81 9 94 56 98 33 60 83 40 26 4 89 30 20 27 6 54 0 43 35 32 82 72 35 44 77 2 91 89 27 18 14 28 87 26 85 17 1 69 64 79 35 31 13 30 2 37 72 8 95 60 95 81 58 96 47 52 90 94 83 81 78 25 5 28 80 9 38 26 80 53 41 67 3 31 55 47 69 66 50 85 55 31 7 33 53 71 12 73 47 0 26 26 86 97 47 
27 54 95 40 42 78 21 60 2 91 52 40 6 16 56 42 32 57 17 16 72 7 66 87 29 4 50 15 28 99 55 8 48 62 15 57 18 70 69 89 2 79 77 35 57 9 35 82 13 33 50 49 13 0 72 87 62 65 16 22 59 33 74 85 95 12 38 7 0 69 48 58 94 98 99 89 53 14 28 93 76 67 69 42 74 11 37 92 26 25 47 4 19 72 55 65 92 64 44 82 
2 91 70 29 25 2 85 56 79 36 47 32 17 95 59 43 98 94 35 11 27 61 95 19 44 7 90 0 7 65 15 52 38 56 36 21 93 65 44 74 54 50 95 46 80 72 71 45 2 31 96 42 16 74 87 46 98 95 26 38 28 16 78 31 54 84 6 19 73 76 23 58 57 98 65 79 61 43 70 87 92 83 72 52 29 81 59 70 81 0 35 20 55 2 99 83 92 2 27 98 
25 83 43 33 6 94 9 35 0 4 91 18 49 10 76 62 50 89 21 57 25 54 82 13 8 29 51 10 30 71 8 30 93 18 36 2 80 24 33 83 25 39 79 97 49 40 44 94 47 57 54 14 26 88 87 50 51 89 81 62 79 55 44 83 65 64 69 13 58 70 40 50 76 48 17 64 33 40 99 95 0 60 17 97 13 12 61 21 1 96 78 34 43 58 24 86 17 94 87 95 
86 56 16 92 10 54 31 3 7 47 25 74 9 67 72 71 80 64 37 48 88 48 1 99 66 16 60 94 37 32 9 51 43 44 10 26 97 67 18 43 80 33 64 1 86 26 59 47 89 89 10 79 25 30 23 8 84 68 87 60 97 90 92 97 69 28 25 99 26 81 52 55 89 42 45 43 27 9 23 13 30 67 93 56 9 14 51 89 69 28 65 27 17 32 35 93 76 74 89 51 
2 45 81 59 5 50 59 57 45 40 16 70 29 50 30 85 83 92 70 50 93 42 43 71 66 74 79 48 69 84 24 51 76 58 24 84 31 8 16 33 98 62 65 29 45 89 16 66 6 76 72 76 92 59 97 28 62 87 3 77 22 63 68 62 47 78 10 36 37 34 52 22 63 40 39 46 97 77 72 57 24 61 20 30 66 67 58 27 39 28 28 77 40 18 57 76 1 11 75 38 
58 82 28 32 33 59 77 90 43 6 77 16 60 1 87 20 84 89 15 95 47 41 18 18 95 31 48 46 5 18 58 83 58 45 28 72 14 84 96 3 2 40 68 26 85 98 52 67 44 50 80 84 16 22 40 22 92 12 88 19 71 79 79 49 4 83 95 41 28 42 83 48 62 43 4 0 93 9 4 34 12 83 23 75 96 54 3 85 97 14 19 71 30 62 27 55 94 59 58 35 
82 76 3 90 7 87 2 77 19 45 34 97 18 50 7 79 81 39 58 45 80 93 98 74 96 87 2 66 59 11 8 10 95 13 60 11 21 75 37 25 51 4 47 77 60 87 46 0 18 67 30 24 39 37 15 93 64 93 39 25 96 5 26 19 5 70 65 34 88 16 42 40 25 0 83 73 32 68 53 70 99 47 82 54 44 74 14 55 11 42 87 20 63 18 47 42 63 83 35 32 
56 58 37 15 93 38 57 61 96 67 91 82 35 75 87 41 58 67 63 49 95 12 97 83 57 26 68 53 5 72 29 15 41 81 37 33 24 74 61 30 11 98 17 27 20 31 57 7 76 17 17 90 93 67 30 27 2 8 5 22 11 80 16 81 88 37 11 11 64 16 25 79 37 39 78 54 93 18 47 83 64 60 28 58 61 29 54 71 59 50 69 12 17 37 99 98 43 45 54 55 
82 28 86 20 97 11 47 42 78 57 82 14 49 36 1 57 8 5 8 83 82 34 93 16 35 89 63 48 83 66 51 3 22 57 91 10 17 65 83 63 48 24 97 19 59 21 68 24 88 82 44 76 96 17 0 88 29 37 60 61 21 60 77 55 85 72 26 47 84 63 7 17 89 11 1 66 54 58 48 18 70 9 52 73 58 27 71 78 11 37 53 73 64 91 65 70 13 29 47 14 
54 95 95 37 6 2 77 31 58 0 86 99 11 50 25 74 19 92 77 94 78 60 78 66 87 59 6 99 36 36 59 64 48 26 14 78 51 61 14 71 63 31 85 52 78 57 70 92 66 43 15 75 72 4 45 38 32 35 14 97 29 53 34 67 16 24 53 92 93 43 75 21 26 39 70 24 22 33 96 54 53 50 5 21 18 79 71 29 70 25 58 37 51 63 87 38 11 93 63 28 
82 89 33 58 1 16 92 55 45 4 26 92 31 83 22 92 93 54 15 53 72 39 36 61 12 99 75 33 17 36 81 25 84 59 32 72 9 89 24 82 94 12 14 55 16 51 34 45 87 49 75 76 12 58 0 69 35 50 25 89 19 99 38 23 81 65 23 65 7 92 66 3 0 58 64 1 55 98 66 63 6 68 23 37 57 29 25 55 92 53 10 21 95 28 19 51 71 6 35 85 
77 23 37 45 13 22 13 69 66 71 34 26 5 6 40 89 43 74 48 9 3 39 73 53 63 4 36 4 33 4 31 86 73 55 17 61 28 75 13 4 60 24 77 74 87 8 46 95 70 79 57 50 76 19 99 58 33 47 56 66 94 97 88 42 9 28 12 33 89 75 15 0 54 7 24 8 42 75 68 63 6 73 3 59 59 60 79 51 19 12 72 90 0 42 53 65 71 17 11 72 
24 64 84 96 54 45 31 60 1 56 42 81 15 48 90 6 24 15 15 56 63 25 99 19 78 55 15 45 37 40 37 83 10 39 56 8 73 66 41 52 52 58 10 46 30 72 47 65 55 24 76 82 11 80 10 57 36 32 70 56 25 75 28 32 37 48 73 29 87 65 22 38 59 8 21 1 45 45 98 32 16 79 80 44 38 42 36 4 66 24 21 45 78 47 16 81 46 62 54 98 
73 44 67 65 38 13 34 66 57 38 50 30 24 91 47 2 52 47 66 57 72 4 13 73 76 8 26 54 29 35 25 32 1 37 60 10 89 42 11 74 95 60 40 15 9 62 72 96 25 99 43 39 46 96 29 43 63 53 38 65 23 9 83 93 80 17 8 75 56 11 24 36 85 87 60 35 52 42 24 11 97 69 36 99 92 44 94 71 47 44 55 64 82 81 67 55 83 60 40 94 
4 92 18 40 53 35 93 67 82 36 47 42 8 7 41 51 63 48 75 85 72 79 6 23 12 31 57 2 13 78 48 27 75 41 49 87 89 20 11 46 9 36 24 30 58 55 5 38 61 56 45 94 46 95 10 76 95 27 11 28 37 54 6 93 98 1 72 20 19 29 79 8 27 53 11 26 19 98 37 57 39 71 83 77 73 64 76 89 69 24 87 11 29 6 21 44 50 5 92 31 
66 20 53 14 11 85 10 94 59 23 36 10 30 86 46 67 62 26 3 86 81 32 53 34 20 88 19 56 53 70 80 53 50 51 76 83 20 82 90 74 79 20 55 20 16 77 26 34 15 60 16 85 67 41 86 30 78 25 17 38 17 29 21 97 90 19 85 35 28 17 33 55 9 83 9 7 31 72 94 64 69 47 31 36 70 0 70 6 35 12 54 21 28 41 70 23 44 55 7 14 
90 78 91 0 19 5 67 19 54 22 91 89 61 72 51 14 60 77 28 14 54 15 67 1 96 49 56 99 27 33 59 61 78 77 60 49 35 22 57 1 80 97 36 47 57 89 72 24 12 23 24 22 70 32 7 2 72 48 51 6 23 55 16 11 12 9 71 27 91 2 30 89 23 51 18 92 27 86 16 65 90 48 32 71 8 69 59 9 91 87 30 67 85 30 75 25 96 60 36 97 
45 49 94 13 78 61 68 56 2 61 24 29 70 10 61 16 97 64 22 38 43 70 14 87 91 6 60 30 14 64 4 3 95 6 83 71 53 23 27 13 13 76 99 4 45 54 34 58 65 30 93 91 59 49 62 12 58 95 50 10 34 10 99 34 0 50 86 50 8 85 7 49 58 96 99 43 25 48 9 3 72 10 92 10 55 35 39 5 98 17 82 45 73 42 16 88 84 66 18 35 
83 46 27 99 32 93 4 89 31 12 54 46 75 58 26 22 99 90 84 99 92 59 83 80 61 55 28 44 38 35 81 69 34 31 80 4 99 71 91 14 39 81 46 16 32 56 27 55 71 60 14 80 82 78 6 82 79 99 78 59 88 80 71 24 69 48 69 87 19 42 88 87 38 16 97 27 33 97 89 62 36 14 17 7 14 39 58 51 60 8 55 99 89 92 41 4 76 89 3 12 
84 17 82 71 30 98 66 2 32 37 89 58 4 40 20 52 62 67 40 48 14 3 51 43 61 62 35 38 55 70 29 91 86 78 86 54 37 20 82 41 19 8 2 88 4 45 27 32 36 33 76 92 35 28 65 16 61 91 52 49 31 91 4 13 17 11 67 57 93 5 16 24 44 5 22 54 12 55 48 41 74 8 13 67 33 42 73 52 71 11 49 89 66 39 59 13 33 5 86 59 
52 56 45 76 29 33 69 59 57 52 32 54 18 95 87 50 70 27 88 65 44 26 41 7 82 87 99 36 90 83 58 68 45 28 88 1 57 97 20 28 45 69 74 52 71 7 96 48 17 85 2 47 32 7 69 10 9 63 68 4 77 75 92 89 55 2 6 9 12 3 75 50 34 26 35 1 5 56 57 25 34 1 42 33 84 68 92 2 97 79 17 88 12 11 20 17 80 74 31 94 
74 95 25 78 30 63 90 40 56 58 49 13 57 51 81 71 14 83 67 48 8 2 75 65 81 60 61 80 35 28 70 27 95 23 87 92 55 71 85 22 92 32 70 33 77 95 26 53 4 5 38 39 24 18 73 61 70 26 96 98 48 0 4 89 51 37 0 94 80 31 40 10 81 67 80 72 96 44 30 52 0 18 36 31 72 33 20 10 61 49 28 20 99 13 88 71 58 91 93 90 
57 76 85 12 23 24 60 75 70 67 21 47 48 45 89 73 64 4 63 63 4 72 18 57 80 44 19 81 60 75 53 7 21 55 85 80 50 97 82 49 97 85 62 34 59 44 47 76 59 47 91 9 49 45 81 14 67 57 32 31 33 81 61 6 58 11 51 83 58 82 9 98 30 0 94 17 40 77 47 44 99 90 68 54 75 14 30 90 89 68 4 86 21 43 49 38 35 99 32 92 
48 17 29 18 1 40 96 45 5 9 88 77 43 20 29 46 94 68 92 13 16 77 86 81 65 24 76 51 32 66 19 31 78 72 52 2 58 51 93 81 25 8 92 72 63 42 19 43 86 95 28 7 73 75 71 68 7 27 27 85 50 9 42 33 77 89 47 37 2 99 76 30 8 77 35 52 16 80 53 19 94 23 50 89 65 4 91 44 85 25 41 49 67 80 73 73 74 78 73 71 
75 2 50 43 26 26 22 34 72 78 60 21 28 79 93 38 46 58 17 12 5 62 51 70 44 15 57 39 59 19 12 13 43 30 58 16 19 97 45 96 52 68 71 14 32 96 90 94 54 54 30 92 5 81 76 45 29 74 82 68 26 98 36 70 80 43 17 21 87 71 19 80 24 34 59 32 44 10 88 94 7 23 17 81 87 0 29 92 47 32 71 67 30 2 46 38 84 19 51 79 
