70 32 20 90 9 43 3 29 5 93 0 33 39 91 7 18 89 69 82 97 8 86 29 96 26 18 62 82 94 56 91 85 1 0 82 20 5 24 60 33 55 53 57 3 69 28 68 55 10 9 58 4 37 89 27 88 72 75 95 21 69 72 10 48 14 99 23 64 30 49 90 51 31 33 84 25 60 32 42 93 50 48 9 51 75 6 82 54 55 37 82 39 83 1 55 54 74 20 23 42 
46 18 28 67 35 19 97 45 62 81 80 2 9 78 12 72 77 64 49 54 27 68 82 17 91 4 11 33 50 92 87 0 71 78 51 45 4 57 67 42 6 75 72 73 51 63 31 31 82 6 93 56 72 3 12 26 33 56 41 97 68 51 42 16 64 67 10 26 7 36 55 49 36 36 51 35 40 38 22 50 12 91 50 73 10 52 16 2 61 55 78 64 62 29 74 62 40 39 94 29 
10 48 48 36 16 70 52 34 72 40 63 15 34 4 31 96 89 53 89 73 79 83 66 0 58 34 88 68 25 71 2 18 47 52 59 26 54 71 56 21 75 77 61 5 4 81 21 30 25 19 87 32 39 77 52 49 18 73 86 96 30 59 7 1 81 45 19 44 78 49 82 96 9 57 42 29 86 10 11 90 67 33 59 98 41 93 60 65 69 59 24 1 79 83 53 35 44 28 21 4 
97 72 91 72 2 96 58 22 64 98 70 0 93 13 73 83 33 7 56 50 3 72 49 0 48 78 95 84 63 3 48 20 1 94 51 4 11 41 54 48 6 43 37 64 16 46 24 32 52 47 9 79 12 64 66 71 25 1 26 54 36 11 5 64 95 18 37 57 26 46 26 67 24 23 93 67 49 23 65 80 40 96 98 77 83 91 3 89 18 92 81 39 90 59 24 3 4 71 61 77 
5 1 33 68 82 75 26 0 66 73 35 60 31 23 77 11 42 8 11 19 47 79 1 34 17 29 24 65 98 30 84 54 34 31 56 62 60 19 31 71 45 92 3 30 67 16 70 93 77 77 2 59 17 42 69 52 77 67 18 42 63 27 34 24 71 31 67 30 18 62 44 61 92 15 25 80 46 83 78 79 6 28 42 32 78 49 74 15 26 94 41 87 1 82 14 97 66 35 60 74 
69 98 11 33 17 12 16 58 42 20 45 6 50 62 20 90 99 87 15 57 89 30 18 10 98 30 37 99 41 77 90 28 35 9 45 59 59 89 45 42 17 6 82 21 93 14 55 82 33 97 61 58 20 3 0 58 53 65 55 33 11 94 99 20 62 92 41 23 54 23 75 70 42 42 13 13 87 26 16 15 10 71 92 5 40 4 60 28 49 61 27 12 60 30 88 4 4 3 96 90 
73 94 27 77 76 85 68 20 81 72 66 25 80 89 91 70 38 34 98 22 84 51 85 95 4 61 16 34 35 82 49 32 22 18 8 92 93 4 17 56 57 2 27 13 6 18 87 29 64 25 1 99 5 19 70 18 91 35 64 54 77 52 14 35 0 14 55 38 12 30 36 81 61 94 7 2 67 44 79 43 72 17 82 12 76 0 98 97 69 35 71 70 68 94 11 29 75 72 23 31 
5 10 46 65 75 68 75 48 93 5 40 47 76 82 44 76 41 20 88 57 82 50 34 52 27 9 2 89 15 82 61 87 92 7 2 22 77 82 59 0 95 62 53 21 94 32 48 35 60 53 73 5 10 4 8 95 22 46 20 35 85 9 77 79 73 42 41 47 10 26 70 0 33 59 7 58 41 78 77 61 9 28 52 54 61 89 70 92 5 12 75 0 47 49 66 42 1 23 67 13 
85 30 53 91 47 28 30 28 96 5 40 23 48 97 38 66 47 37 24 94 76 66 51 23 34 37 81 9 6 74 27 67 12 56 67 2 97 88 25 46 73 33 37 12 18 27 47 79 77 11 25 17 83 51 72 29 7 79 33 70 5 42 10 5 30 73 69 99 55 76 37 73 51 18 23 53 41 76 6 13 89 17 25 1 58 68 33 80 60 49 59 79 31 25 11 68 15 20 39 1 
45 84 17 79 6 20 78 28 23 50 43 27 25 93 98 19 49 65 6 22 54 24 14 20 26 41 99 2 71 71 76 60 3 24 90 15 82 66 7 19 18 78 36 61 87 48 42 2 16 14 72 11 50 52 51 31 55 63 18 42 70 68 8 25 17 92 55 42 87 89 6 66 95 76 62 67 17 93 77 11 72 75 83 45 71 16 9 22 31 15 51 57 48 60 52 35 24 40 85 30 
97 94 58 35 43 12 76 73 81 14 84 32 43 87 30 70 72 38 86 57 45 9 54 69 77 31 48 91 6 3 27 66 16 50 40 60 93 74 72 56 85 25 30 83 6 83 50 41 79 40 67 62 4 8 28 5 90 33 95 91 33 6 70 43 53 32 20 96 96 69 86 68 60 83 44 8 86 16 82 95 47 83 2 95 70 65 45 41 21 89 82 61 19 93 74 35 42 19 21 32 
54 58 27 3 42 80 10 13 21 83 43 75 28 95 91 40 82 16 16 98 71 61 89 21 98 92 42 29 88 26 23 47 78 21 10 7 27 44 35 64 5 79 88 41 10 44 93 39 96 85 30 39 37 43 19 49 80 54 83 85 28 2 99 85 68 26 29 63 83 71 84 61 41 11 14 26 77 97 61 2 16 84 47 72 49 0 64 27 67 49 80 80 28 3 45 51 68 92 45 40 
38 28 48 22 48 42 25 12 13 96 35 96 98 72 34 54 73 4 77 54 66 31 26 65 90 53 48 7 74 61 33 44 56 88 40 1 32 21 32 90 2 47 14 50 42 71 67 48 35 90 34 67 41 77 16 72 81 11 85 84 62 91 70 66 97 23 64 45 44 84 52 97 60 31 18 22 0 47 63 98 65 4 66 89 99 15 91 10 28 43 55 67 28 95 75 35 89 45 47 63 
84 87 12 47 67 28 96 98 76 57 46 93 22 88 98 12 2 61 63 97 33 79 19 42 44 41 78 33 92 98 41 90 36 69 45 99 71 57 52 94 82 77 11 32 30 59 9 85 89 14 19 68 91 24 25 52 3 13 75 11 99 33 55 22 0 28 90 25 49 40 45 49 55 70 31 27 49 33 4 86 84 99 52 64 62 18 12 5 43 82 79 5 64 3 57 87 56 10 96 42 
47 99 60 35 37 50 49 66 35 98 11 21 28 56 97 75 42 36 44 34 53 9 38 60 45 65 2 38 0 52 51 41 43 31 9 48 29 87 54 18 44 13 17 94 71 13 63 32 23 92 42 34 6 39 39 31 64 8 39 90 12 38 50 94 43 32 87 85 8 2 37 62 32 71 62 64 54 18 97 48 97 0 18 97 20 1 15 22 43 99 71 20 89 11 29 54 25 70 54 65 
68 71 99 55 83 69 83 91 93 3 92 10 56 45 39 8 65 50 33 10 0 33 63 66 37 33 65 12 28 48 23 4 55 53 48 32 85 8 4 59 93 23 75 86 56 51 66 46 60 57 42 22 21 13 67 62 85 14 42 44 23 39 98 47 92 98 31 5 90 91 4 17 36 19 87 88 86 42 83 55 68 9 25 90 25 76 26 36 42 23 52 67 52 55 42 64 54 40 5 66 
83 57 24 4 88 83 4 41 0 45 29 36 75 87 75 98 28 66 40 74 62 80 57 43 18 40 8 26 99 64 33 20 10 17 91 92 31 95 45 44 19 26 36 20 12 55 92 3 78 27 71 30 87 25 68 47 89 78 39 26 66 14 84 46 56 16 62 46 63 54 71 45 28 19 25 35 59 29 15 9 91 70 28 16 72 49 95 28 1 21 68 54 43 82 37 4 34 70 13 25 
95 82 81 69 45 61 44 33 12 45 29 30 47 85 90 70 20 65 58 88 54 24 86 61 2 47 9 31 22 99 43 17 58 49 16 51 88 59 60 63 15 94 85 60 58 86 82 62 85 42 87 98 16 48 10 96 59 43 92 42 70 59 81 2 94 48 23 71 71 59 2 4 64 53 80 70 4 2 27 23 2 62 15 47 19 53 44 30 86 24 53 65 85 5 6 29 66 59 27 58 
12 39 21 93 67 50 85 8 93 57 71 10 23 97 52 97 27 39 51 67 99 95 65 5 78 2 27 66 46 78 88 11 22 49 58 96 16 37 9 71 69 15 78 74 80 41 14 26 37 5 20 71 31 15 7 77 91 14 7 47 94 92 9 82 49 11 13 44 20 14 35 62 41 75 46 31 89 4 93 22 11 93 26 35 64 30 35 9 67 9 67 2 82 6 3 63 37 77 41 22 
33 36 92 98 15 74 20 57 14 51 16 83 11 41 6 10 95 6 79 41 78 59 18 18 66 76 53 91 98 77 22 52 96 81 76 41 33 52 10 89 3 66 91 19 95 94 51 80 73 29 73 58 96 36 65 83 18 82 84 85 40 6 30 9 30 43 26 33 65 17 80 58 85 21 63 54 25 0 78 22 56 69 93 55 61 19 32 74 59 20 95 38 7 63 22 37 37 3 23 89 
49 81 18 24 70 8 84 86 23 43 27 39 26 50 24 73 41 21 70 66 23 42 59 21 71 81 53 37 3 28 54 74 88 28 35 44 19 34 81 61 83 74 61 63 41 54 58 95 8 26 20 28 95 83 91 86 8 68 64 4 63 76 48 95 17 73 35 33 9 65 55 35 92 86 36 91 11 75 90 53 95 54 45 22 44 68 44 61 54 31 58 98 0 85 40 36 38 41 11 68 
30 51 81 74 37 40 30 42 59 99 29 55 36 28 38 10 84 73 14 55 50 16 89 39 80 85 71 30 86 88 83 55 92 60 72 60 76 61 12 36 61 96 18 54 32 74 74 76 49 62 36 83 30 69 5 40 86 22 61 52 57 10 22 64 81 18 87 48 92 52 77 17 5 23 14 13 48 22 26 34 18 18 19 77 64 75 47 12 46 28 97 54 51 70 29 86 39 0 87 43 
5 16 7 58 95 91 8 76 46 5 54 30 86 43 14 10 54 90 11 92 8 25 12 68 64 70 91 82 17 1 44 24 99 56 42 94 87 30 5 64 24 90 41 99 35 27 46 37 34 2 80 79 32 87 9 71 92 12 25 3 86 70 33 47 58 49 51 90 49 22 77 40 45 19 32 42 24 11 10 86 34 7 35 65 62 72 37 18 63 5 98 93 32 79 43 52 62 75 54 1 
65 72 75 84 68 99 90 86 97 91 47 2 56 0 75 6 26 94 79 74 5 25 7 97 22 12 97 84 28 46 98 79 39 68 55 48 55 73 40 51 78 83 37 36 95 82 25 87 32 86 32 49 79 51 4 14 72 48 28 38 66 50 51 8 51 54 82 33 97 58 61 21 75 54 31 88 15 57 1 51 37 99 96 33 39 69 96 44 50 13 11 18 25 6 11 61 69 90 60 19 
18 6 26 77 12 93 57 34 75 29 10 71 47 39 10 94 46 29 52 79 68 89 59 5 14 7 27 41 38 27 1 92 10 68 62 90 29 8 85 63 73 42 80 81 19 32 58 74 89 20 59 72 90 77 28 94 11 13 10 16 56 98 23 22 61 6 90 29 46 27 20 74 32 75 69 11 22 91 29 99 22 70 2 74 97 33 45 57 26 88 58 43 69 27 21 52 59 78 50 89 
67 98 81 44 81 77 50 85 78 12 55 69 67 75 48 25 15 28 14 43 65 32 27 45 3 22 61 43 92 49 77 94 45 53 22 64 42 0 30 21 21 47 39 98 11 30 98 66 53 92 12 15 38 16 34 70 4 43 83 93 44 51 96 64 46 47 7 66 4 0 66 65 37 67 58 8 37 41 67 28 8 3 23 77 48 82 47 63 63 5 5 84 3 56 22 12 24 53 9 62 
23 33 41 60 92 98 64 39 67 10 0 8 86 62 70 50 3 36 97 63 19 10 80 40 18 36 92 13 9 31 72 77 55 31 97 43 69 50 84 33 48 46 33 24 77 57 54 93 71 59 69 70 34 76 39 32 71 66 69 3 51 29 47 78 21 21 98 9 32 52 18 52 96 93 89 98 87 60 79 82 55 2 6 81 43 79 51 40 11 27 42 83 12 78 27 13 3 40 66 54 
29 24 39 99 27 66 17 41 6 62 92 69 25 83 77 82 70 13 95 56 87 3 87 76 42 32 47 71 23 24 46 63 88 33 95 55 53 51 88 26 37 12 81 51 16 92 38 96 51 57 21 85 77 10 71 38 32 97 80 23 95 49 76 18 89 5 41 78 54 98 35 88 68 75 39 3 93 86 4 32 6 10 21 41 95 39 54 17 30 30 41 49 37 22 16 66 92 14 74 43 
42 0 78 23 98 69 2 46 22 29 47 68 3 61 96 19 16 48 18 58 91 79 19 42 96 61 50 8 73 25 61 63 93 49 60 92 13 98 45 74 0 85 0 3 94 46 86 56 52 31 36 0 29 8 10 5 20 80 52 14 92 54 15 0 52 76 49 9 48 24 53 2 91 90 47 37 44 61 2 38 78 21 7 44 67 0 49 86 20 32 89 43 53 0 20 93 25 15 6 61 
83 89 14 47 24 47 99 27 35 49 69 56 36 18 49 49 9 64 48 45 78 73 51 51 17 57 99 90 53 0 15 85 50 58 59 75 61 65 25 28 32 44 46 19 97 62 42 39 48 88 93 55 1 30 51 91 86 63 84 56 45 4 79 23 30 51 60 65 60 88 84 21 48 64 70 42 37 56 23 98 86 52 73 31 69 33 60 42 50 83 85 30 35 71 67 70 17 36 30 69 
83 96 93 48 45 46 85 21 92 50 84 75 44 52 23 2 54 12 38 8 11 29 11 28 65 45 98 54 56 73 21 92 52 41 24 83 1 18 74 32 66 86 40 41 90 72 13 71 0 4 39 62 55 5 53 15 70 9 17 96 76 5 92 40 93 42 8 90 42 88 93 24 96 17 68 0 45 83 59 58 12 13 5 31 48 31 36 66 85 81 64 47 51 62 12 40 28 57 34 63 
46 55 75 96 48 62 31 81 7 74 82 23 28 83 36 75 44 46 31 97 44 83 94 51 6 94 88 25 12 44 45 60 36 4 28 89 91 79 86 11 94 57 10 75 53 89 57 47 6 15 12 40 82 72 27 81 50 37 69 41 33 0 46 28 52 39 27 21 26 58 44 42 36 28 10 97 60 49 48 26 50 82 63 4 31 44 73 36 38 49 10 79 43 92 96 16 49 16 97 58 
15 32 10 55 15 2 95 53 47 77 80 24 40 15 10 76 87 62 61 12 41 5 76 8 94 90 80 27 69 47 62 76 23 97 12 61 26 49 12 84 84 30 85 77 88 1 46 21 50 28 82 34 49 68 71 7 38 64 37 65 95 59 24 93 15 25 33 64 48 59 54 9 5 63 81 50 22 82 13 14 80 12 81 85 29 87 70 68 23 92 68 58 67 6 94 11 86 52 81 29 
43 73 84 60 44 6 77 6 54 80 23 11 73 87 97 81 1 98 94 95 65 84 93 99 34 54 18 6 95 21 57 83 86 55 75 78 64 53 12 98 8 44 96 44 57 97 92 27 33 89 66 69 12 88 27 39 98 28 89 32 36 46 17 50 37 85 7 50 28 5 40 9 28 74 90 90 57 89 14 61 73 67 55 49 13 26 39 27 8 36 2 55 4 5 9 78 36 98 31 8 
34 66 45 51 70 54 76 72 99 13 77 14 89 98 0 7 42 48 24 1 28 41 30 22 19 82 67 80 75 83 43 97 77 76 32 96 43 23 92 22 72 87 10 11 29 92 82 24 48 48 99 3 43 93 16 54 9 3 58 95 90 48 45 35 17 75 1 81 33 74 23 21 1 36 39 6 21 54 88 95 40 52 75 29 79 58 49 86 26 55 32 92 5 53 42 25 14 78 3 65 
14 20 24 24 40 84 44 14 45 68 84 24 92 92 17 5 18 25 52 62 94 33 98 65 57 82 53 76 28 99 51 40 68 23 92 99 11 27 65 11 29 77 67 96 82 34 81 21 50 38 62 74 65 66 91 9 96 31 0 78 47 92 12 27 69 3 30 59 33 96 97 38 18 75 19 38 49 17 50 57 57 88 19 91 27 58 99 37 59 91 79 30 63 10 15 69 31 98 51 63 
57 61 56 58 70 8 88 90 64 12 92 59 61 93 2 24 96 9 8 67 63 99 95 12 33 12 75 42 56 30 6 43 37 60 91 35 27 9 65 37 69 64 72 65 72 51 4 33 93 26 20 74 6 51 28 81 75 60 65 50 27 80 88 84 88 34 66 90 79 34 51 6 31 85 42 10 13 19 52 55 96 87 99 58 38 59 61 72 10 52 53 90 76 76 65 9 26 94 40 74 
68 19 50 73 22 59 45 55 24 1 51 69 90 2 66 88 90 22 55 97 59 21 90 90 47 70 40 54 31 22 94 99 12 59 41 90 10 69 82 91 25 93 76 36 56 56 96 86 5 62 9 49 72 7 24 68 40 98 97 35 87 0 3 38 17 99 12 54 95 8 9 34 88 6 48 90 73 1 58 11 49 81 0 63 99 82 93 74 63 83 26 13 2 86 96 62 38 8 92 40 
45 33 77 33 65 42 59 17 84 24 80 76 65 40 71 19 23 90 54 19 12 2 20 23 24 66 92 31 7 0 49 33 24 38 22 94 24 87 40 76 71 87 73 91 45 19 83 10 59 78 94 7 63 51 50 50 29 0 4 38 44 15 90 0 65 23 78 19 17 46 63 72 9 48 82 63 65 82 28 7 21 95 55 71 8 46 58 20 62 22 68 69 81 47 0 49 62 90 94 8 
76 46 14 20 5 40 66 93 17 80 77 90 88 97 33 74 87 23 64 39 61 31 7 71 34 6 3 68 12 41 84 84 18 33 42 16 69 99 50 40 73 18 74 88 40 4 53 73 93 37 57 91 35 26 6 21 35 57 93 22 12 22 48 35 5 37 78 33 8 61 10 28 57 88 5 3 53 44 63 14 60 98 73 70 25 16 72 21 96 84 13 22 84 39 14 41 18 80 92 53 
26 33 17 9 5 34 27 54 3 12 98 15 77 0 47 50 1 9 2 38 13 59 5 24 58 9 29 47 86 64 24 75 63 60 27 28 5 20 39 34 66 73 87 48 17 92 96 83 69 85 51 64 66 6 58 93 56 47 33 24 20 81 95 36 55 22 62 28 94 98 47 81 50 63 17 79 63 42 71 31 64 91 32 56 80 0 95 76 4 75 59 72 47 45 61 58 7 71 59 41 
22 3 99 14 95 54 29 42 50 69 69 68 21 80 80 61 65 75 53 61 25 83 59 84 9 51 85 68 17 59 85 68 23 60 16 61 5 54 90 61 96 50 25 14 78 41 24 91 47 45 71 48 39 64 48 14 65 50 75 42 86 10 61 64 79 45 26 63 21 74 25 54 32 46 80 99 98 32 80 87 64 46 34 86 65 14 59 17 86 47 45 33 51 15 34 85 92 22 32 71 
9 64 14 3 6 3 86 65 81 77 55 80 42 4 61 99 93 65 87 34 98 66 13 40 6 71 6 12 4 6 75 13 43 6 96 51 49 21 66 31 27 46 50 2 84 26 17 85 74 88 49 75 4 82 39 35 17 78 5 20 49 35 6 34 85 89 99 3 75 22 85 98 64 69 20 74 77 43 74 62 92 89 52 39 92 29 60 43 14 72 84 13 70 95 50 17 41 69 13 90 
11 44 46 72 88 19 78 83 27 36 7 53 95 74 97 91 98 53 83 27 59 57 83 92 63 99 38 26 41 41 11 72 2 81 30 12 95 69 28 41 17 41 37 94 68 92 36 86 6 91 94 31 78 76 1 84 35 39 75 6 83 67 64 37 6 47 56 47 45 28 65 56 15 14 19 34 57 55 52 12 85 35 46 44 33 6 63 9 48 99 41 8 66 49 62 38 32 39 85 23 
31 11 73 65 5 62 58 32 75 82 46 49 17 25 37 65 83 63 48 19 41 78 87 64 50 88 21 50 4 44 84 27 11 32 97 31 51 15 89 61 3 63 81 6 67 57 39 38 52 99 61 59 38 1 9 19 67 60 46 13 31 68 94 27 42 81 1 83 69 87 97 99 83 20 74 54 83 14 31 19 64 66 98 68 12 8 9 60 41 36 37 96 31 1 99 68 49 76 76 4 
55 79 33 44 60 82 68 89 30 97 98 45 39 91 10 83 17 59 60 19 68 34 45 26 77 92 54 41 18 14 3 10 89 79 31 32 43 45 96 40 18 62 68 91 69 0 73 62 90 2 13 8 4 32 83 95 58 69 56 46 39 86 21 13 0 26 88 13 75 44 14 94 9 17 72 18 38 23 88 99 83 5 90 84 41 19 86 56 72 52 8 96 31 62 59 50 62 50 18 85 
27 49 69 99 14 90 18 93 66 61 79 46 33 55 55 78 71 47 47 88 41 12 23 82 45 40 69 88 4 29 37 83 73 34 33 68 56 28 24 60 5 50 29 17 54 25 45 38 46 76 49 31 96 7 53 40 67 93 62 19 99 64 4 96 20 8 36 40 45 33 43 47 8 97 75 86 80 75 72 21 91 1 33 58 53 79 21 50 80 97 70 4 5 43 16 83 36 51 95 47 
72 59 5 23 53 11 81 57 61 85 55 26 56 51 31 64 43 61 63 5 32 28 55 22 28 70 13 20 57 47 89 85 41 79 82 35 94 41 66 28 59 54 55 2 94 31 30 9 48 69 20 8 39 2 94 21 91 72 74 92 87 79 16 79 8 52 50 43 73 65 74 25 89 36 3 71 26 42 11 81 31 6 4 8 81 2 66 74 29 62 87 29 26 73 68 44 77 28 92 84 
40 71 74 4 10 69 40 71 99 59 9 29 68 30 6 96 70 81 29 84 64 73 13 74 6 51 62 29 68 5 36 73 73 49 58 11 68 14 49 81 64 93 85 96 55 83 19 44 18 31 71 11 63 23 88 44 95 78 2 41 81 36 47 70 50 21 73 60 58 47 51 30 3 55 22 23 69 62 82 68 69 12 73 83 46 16 19 5 21 18 51 16 68 93 33 48 46 53 96 86 
52 68 10 85 95 98 97 5 32 83 4 97 32 20 67 17 77 46 91 68 16 70 29 82 29 4 73 21 5 7 54 94 10 96 61 62 20 74 9 74 21 81 37 34 49 54 80 96 40 91 59 85 77 44 82 36 44 80 56 20 34 84 36 74 4 0 48 90 89 39 79 18 24 78 4 31 61 52 28 29 99 48 88 57 62 42 75 61 14 87 9 82 7 55 21 53 58 8 57 36 
16 53 23 22 82 84 5 49 41 52 53 51 34 1 18 27 1 13 39 73 17 43 37 93 31 30 79 12 8 28 77 20 40 43 44 65 13 60 45 95 27 31 84 30 74 90 24 83 16 69 52 17 15 21 48 48 74 51 99 1 11 60 43 66 73 79 3 19 23 22 40 53 57 32 44 90 65 71 95 26 37 93 22 28 18 77 25 20 77 31 35 91 65 20 61 51 88 59 19 89 
30 70 10 20 2 41 11 88 32 55 58 67 83 7 46 74 88 91 60 27 74 90 95 18 91 11 11 22 91 56 69 38 68 60 13 71 61 72 21 39 52 4 78 94 45 33 48 48 68 26 18 68 66 12 74 15 22 58 14 44 55 45 52 54 56 31 88 22 72 50 35 87 51 4 30 12 13 32 71 41 13 67 7 16 21 20 29 37 8 37 98 19 84 4 93 62 90 12 77 74 
66 99 5 41 35 55 99 95 74 0 52 1 1 86 2 25 40 76 7 72 15 12 66 37 15 83 72 72 53 83 28 66 43 79 2 32 26 83 4 6 12 69 82 9 51 71 60 58 53 74 77 37 54 98 27 26 50 63 28 63 43 12 34 86 35 90 95 56 98 31 10 10 47 11 14 35 35 34 40 91 58 15 35 39 24 65 64 60 59 0 58 4 71 19 91 98 38 63 39 38 
38 26 53 89 63 61 56 18 9 70 11 13 85 99 96 82 3 3 2 25 72 86 13 61 1 75 6 47 48 3 47 29 81 85 12 34 44 64 39 51 73 65 49 55 96 33 37 67 50 53 72 53 59 44 38 29 41 9 56 20 93 18 22 41 13 76 72 82 38 64 51 60 15 85 1 93 85 59 89 52 45 43 79 18 83 76 68 29 20 33 28 82 1 52 61 50 69 23 24 79 
25 77 73 64 67 23 60 83 46 55 45 96 44 25 71 74 7 44 60 75 44 47 83 11 65 17 80 25 33 65 69 87 22 54 41 43 46 19 89 26 70 2 16 80 23 30 31 20 29 21 97 49 70 35 21 29 43 28 90 65 1 0 46 78 71 17 18 6 18 36 57 98 17 52 7 50 38 15 55 33 44 11 52 55 74 4 17 72 25 74 56 27 57 6 4 62 18 24 53 24 
96 92 79 89 75 93 81 45 93 88 13 68 44 25 89 27 45 48 88 46 33 76 69 66 29 88 30 5 5 0 57 62 77 85 72 33 68 16 55 65 80 9 42 89 57 9 95 63 17 41 21 81 93 27 10 30 66 30 53 11 78 13 95 78 7 72 63 9 16 46 41 43 99 94 29 8 43 77 15 19 80 52 48 41 55 22 50 95 26 75 77 94 75 27 91 62 80 29 21 73 
75 84 38 34 39 75 28 50 90 82 84 45 68 28 7 72 41 28 86 2 54 49 77 52 6 13 92 62 6 47 18 30 29 60 71 91 98 39 3 78 91 12 63 23 67 79 40 0 69 12 37 14 11 34 38 25 42 12 71 24 79 12 69 91 31 46 19 60 29 95 91 9 32 27 0 97 76 59 67 60 25 79 13 27 35 27 51 27 54 68 87 18 38 54 99 81 63 48 91 51 
97 35 72 61 2 86 1 65 10 13 81 33 24 37 15 98 20 52 81 24 80 25 61 79 75 62 67 70 42 8 14 0 85 39 97 72 22 55 69 29 35 5 50 10 50 98 33 10 36 13 68 23 91 67 36 4 61 44 46 72 53 7 9 37 88 6 59 22 10 36 54 12 66 19 77 63 15 42 51 75 41 1 59 41 55 14 13 80 86 60 79 47 38 61 88 24 56 90 25 1 
84 98 5 71 31 91 46 5 3 20 8 66 38 66 38 77 72 53 15 59 53 89 51 97 15 22 50 48 48 29 36 79 62 49 25 85 74 12 47 94 90 53 33 86 79 38 2 3 42 45 59 21 82 65 22 72 26 78 88 58 7 48 7 72 94 64 39 34 91 91 5 72 88 65 82 31 67 70 87 75 66 50 85 43 42 74 55 68 85 20 17 97 63 95 59 34 58 60 66 54 
90 92 27 87 78 48 30 25 20 33 32 58 70 68 20 24 15 89 26 19 99 45 77 37 23 34 56 7 72 54 83 14 64 63 87 66 30 34 13 89 37 53 90 59 55 35 85 29 2 1 49 43 12 86 34 47 79 48 33 70 47 96 86 73 87 40 37 13 57 54 92 70 34 8 16 34 49 18 91 84 51 92 77 3 31 40 42 53 3 78 34 84 95 42 66 55 48 46 2 80 
32 13 15 77 43 63 75 48 81 62 75 75 95 92 73 4 98 14 9 46 20 48 13 20 92 22 35 13 20 23 82 28 93 15 57 13 45 2 39 12 9 11 92 86 44 55 39 29 16 15 8 43 64 34 91 94 50 95 98 22 57 65 48 64 82 36 47 78 66 29 19 14 27 77 95 23 96 51 51 74 93 54 99 58 24 36 3 34 77 28 19 59 29 89 13 40 65 24 8 96 
51 4 68 55 25 80 56 60 61 36 94 47 30 12 29 98 4 70 23 13 81 90 81 90 54 27 0 85 84 91 53 92 65 66 13 46 61 3 6 97 1 60 92 33 65 37 7 31 21 39 95 14 34 85 93 49 2 2 2 6 70 24 18 81 78 17 86 75 26 8 33 60 54 50 76 63 31 85 32 22 73 68 76 34 9 88 23 23 56 55 22 55 26 44 94 7 51 71 33 79 
40 49 82 71 50 25 18 10 96 11 93 62 14 33 26 43 44 45 94 69 47 47 1 64 54 43 2 43 93 65 32 69 91 27 89 81 60 22 0 60 29 9 1 71 6 98 48 63 8 70 54 66 57 92 91 74 17 49 81 56 59 22 39 37 30 73 81 3 40 65 39 79 24 41 93 98 31 10 51 90 6 48 76 58 85 54 47 72 79 25 63 42 52 52 19 83 11 89 75 76 
62 65 98 75 15 72 33 18 84 75 86 62 36 31 56 14 75 91 70 91 40 73 6 58 62 17 76 56 86 49 47 68 46 84 11 2 96 6 68 3 44 47 10 1 68 79 45 0 23 41 95 38 28 63 56 23 24 66 85 79 69 94 60 76 28 40 86 94 65 14 42 17 73 35 86 39 33 52 88 78 5 98 35 69 3 36 49 81 58 3 66 25 9 36 2 22 28 34 8 58 
49 6 21 57 14 35 23 14 62 45 20 36 49 72 45 16 62 68 46 76 64 48 13 72 54 91 23 28 78 58 65 19 39 92 94 11 91 63 65 84 21 59 66 89 96 32 50 92 27 7 35 9 25 76 24 83 52 43 24 74 62 52 88 8 97 21 44 93 80 18 31 44 5 98 74 49 36 29 85 16 27 0 55 79 8 17 71 91 48 79 67 3 13 48 82 69 46 45 5 17 
37 57 49 75 42 66 51 88 10 69 59 56 51 68 74 79 26 17 71 82 52 92 4 83 77 25 58 27 10 83 41 22 34 88 21 60 28 43 25 43 75 78 20 25 21 35 18 60 44 13 11 15 10 10 43 46 52 20 69 49 45 29 37 44 27 71 88 35 87 36 21 9 65 33 91 78 27 25 64 6 6 57 52 62 96 29 83 21 16 21 43 79 71 73 37 44 53 22 33 44 
11 98 15 74 2 34 69 51 23 2 19 93 8 56 66 40 52 17 48 27 63 36 11 41 44 16 40 13 62 73 46 8 60 82 74 59 88 65 57 57 95 29 45 26 27 40 28 43 84 9 87 80 3 61 49 72 48 22 39 72 23 11 55 30 22 5 27 11 9 97 68 51 30 76 62 40 89 87 23 46 34 15 36 25 30 75 38 83 36 63 45 31 89 45 1 87 21 30 90 70 
64 88 85 5 43 81 79 59 36 98 74 98 5 9 58 0 51 48 2 34 58 79 67 68 90 99 60 69 10 16 70 73 0 48 69 32 88 85 32 8 90 61 14 29 69 72 38 8 89 98 68 94 63 77 0 87 44 89 19 78 75 94 63 19 19 10 88 23 44 68 44 38 25 12 83 46 94 19 87 42 86 34 41 78 68 6 97 50 46 78 3 94 38 1 94 32 0 54 13 82 
95 73 32 93 31 14 60 70 16 4 38 92 93 15 33 10 19 46 69 51 7 88 79 75 81 5 75 68 71 19 93 25 85 90 99 82 10 45 65 28 3 81 82 77 18 23 59 63 30 85 86 45 61 25 88 23 22 14 73 8 12 63 15 77 62 1 46 3 17 3 59 64 55 11 36 10 77 56 79 84 11 11 69 81 15 46 45 54 43 39 85 95 51 60 12 9 70 99 56 91 
52 9 78 30 36 54 72 66 6 67 94 1 76 15 36 2 29 31 71 90 94 94 94 38 28 7 15 38 22 44 10 67 67 66 97 91 78 10 17 45 58 64 44 51 0 94 95 48 47 12 98 5 54 61 9 31 3 20 73 90 56 99 76 85 62 68 33 22 78 79 28 79 95 71 40 85 59 44 10 51 25 72 93 78 71 61 62 40 53 35 66 39 17 30 45 92 53 25 41 79 
98 0 80 61 70 36 39 31 61 1 31 8 71 52 0 38 21 50 8 53 96 7 21 69 46 7 34 65 36 2 22 95 99 14 10 78 12 54 68 94 77 69 41 74 41 8 73 88 16 19 95 21 41 45 70 38 81 3 50 38 27 51 12 45 42 66 41 10 67 14 32 92 17 55 42 2 71 20 1 12 32 66 29 56 41 45 18 24 96 26 26 82 54 76 90 85 53 1 26 2 
64 52 38 87 85 5 90 35 49 84 19 71 45 89 35 98 66 55 81 43 93 24 81 18 61 1 41 48 22 6 69 57 16 60 71 87 15 97 7 49 12 16 97 35 95 57 0 84 70 43 10 89 10 8 28 4 77 69 60 13 8 99 69 75 82 18 23 43 12 48 30 12 42 55 51 58 90 42 33 76 20 97 2 72 82 68 71 55 76 46 47 36 98 38 46 85 37 21 57 19 
44 13 26 57 76 90 34 68 34 84 69 69 63 56 25 11 76 22 69 83 84 46 44 86 50 49 14 6 7 54 14 23 79 82 48 39 95 33 42 36 0 30 62 44 37 17 54 3 94 63 38 61 75 74 65 6 83 61 6 58 31 89 5 8 82 13 79 46 66 12 42 50 90 62 96 19 53 92 73 23 67 19 23 88 71 17 34 88 49 42 85 85 33 82 51 37 51 4 53 95 
0 10 46 38 73 94 8 69 43 49 39 91 27 53 88 60 11 89 80 68 68 91 33 28 17 77 47 54 20 85 98 25 95 97 4 41 18 83 62 99 87 76 16 40 70 35 88 2 82 16 7 27 92 85 58 54 3 38 26 12 47 92 67 76 30 95 38 46 92 52 77 40 77 76 11 44 60 99 36 64 22 47 58 88 1 97 25 28 95 80 0 78 66 67 0 80 64 13 48 17 
26 95 30 20 93 78 1 25 57 54 72 61 82 54 53 24 79 73 26 5 77 40 80 28 36 16 96 98 43 15 71 62 54 42 56 59 95 62 73 51 90 44 55 66 30 89 86 46 75 93 36 73 85 74 95 83 48 85 80 85 90 13 55 70 39 27 80 10 55 60 20 97 17 12 37 49 82 95 86 82 67 79 27 44 99 26 4 10 64 88 31 58 81 10 19 5 76 20 50 48 
2 24 46 51 63 80 27 41 70 34 64 68 0 81 29 95 88 55 47 53 7 42 54 28 72 95 55 41 95 25 73 82 38 93 22 49 53 30 25 3 42 20 30 89 55 61 91 29 30 15 70 36 69 70 45 3 36 76 68 4 23 20 45 42 20 61 64 36 9 19 22 85 62 54 8 4 6 77 24 10 22 36 91 92 70 30 55 15 27 13 30 25 52 83 56 62 53 70 98 67 
89 7 99 37 10 24 95 85 31 61 58 67 45 43 70 68 66 80 92 97 82 54 93 81 42 32 47 30 23 53 17 78 43 90 27 39 79 37 91 81 36 47 85 87 57 76 8 53 77 53 61 36 53 67 44 94 18 17 57 32 0 61 28 82 93 63 35 58 47 23 39 23 31 38 18 18 4 30 13 50 23 81 82 20 77 71 47 66 2 27 44 14 67 0 40 2 26 0 43 62 
39 24 92 47 19 41 97 5 77 87 32 71 57 36 6 30 68 7 7 9 15 85 24 51 91 60 40 74 57 67 94 79 32 45 73 73 8 33 49 55 51 13 22 8 93 89 70 5 28 67 4 46 13 57 38 48 90 86 86 46 4 77 89 66 48 2 83 98 65 26 95 32 84 97 10 98 16 50 38 17 71 67 53 77 17 37 17 68 27 6 46 75 50 37 19 6 61 71 58 94 
96 4 42 69 47 79 37 88 75 33 29 31 95 38 50 18 45 94 19 35 50 8 26 0 43 65 0 43 26 75 13 79 68 18 59 84 96 19 10 70 48 19 87 38 79 66 29 26 15 32 85 74 87 92 7 70 95 75 38 53 46 64 0 19 17 26 38 68 35 96 82 17 85 96 81 94 50 25 28 36 77 59 89 63 50 81 79 8 54 25 31 69 43 68 16 21 75 18 26 94 
16 12 13 8 28 83 3 48 90 72 63 96 49 51 23 17 35 20 70 86 96 1 95 91 16 72 29 5 7 91 63 76 7 85 66 71 91 74 0 11 22 87 23 30 10 55 39 69 82 73 16 88 34 32 47 73 53 15 46 4 11 8 78 45 60 88 17 79 17 63 49 87 22 34 3 79 75 56 11 57 51 20 28 7 10 81 19 37 50 91 84 25 84 7 91 33 76 80 79 14 
46 83 77 76 14 0 9 55 90 38 38 40 51 97 90 50 97 82 70 62 59 42 34 57 23 23 81 1 33 43 40 71 54 34 41 75 74 54 14 52 34 93 10 74 68 96 59 65 72 69 16 25 76 33 61 30 86 99 49 68 32 71 96 87 49 88 17 39 54 25 72 8 51 45 8 44 11 88 3 49 5 51 67 96 49 84 69 58 34 12 86 15 18 54 81 84 67 84 76 21 
62 18 75 6 17 89 67 97 33 70 93 41 38 68 84 41 7 31 69 61 64 42 77 84 53 94 74 53 16 67 10 63 83 68 55 7 40 94 51 37 4 58 10 93 5 0 58 88 60 66 81 5 95 40 62 81 51 15 89 39 32 86 36 44 87 58 18 17 96 60 78 69 10 20 41 34 80 94 67 88 37 64 67 36 54 60 36 73 34 31 86 56 83 22 30 97 91 91 11 87 
26 59 58 56 86 75 47 39 62 3 79 61 47 91 92 45 63 92 56 21 48 73 63 70 73 30 87 52 64 92 88 10 64 67 55 54 47 0 31 92 86 84 23 15 80 29 31 97 77 29 33 12 84 24 57 57 35 33 32 68 20 37 46 96 19 28 30 52 27 56 34 26 86 59 15 59 46 15 34 39 84 35 36 30 82 21 51 0 67 22 77 33 93 22 84 28 92 21 63 97 
41 21 8 80 61 56 98 92 31 4 21 95 36 42 92 56 30 56 62 99 2 62 57 60 30 63 14 70 21 67 57 65 85 95 8 10 43 41 69 42 9 42 25 2 85 17 86 61 99 5 53 94 73 85 0 91 58 31 86 63 72 86 44 92 39 68 66 80 28 12 51 1 35 23 14 70 15 38 57 81 47 63 58 42 6 59 27 1 91 47 22 58 79 2 10 79 99 78 56 99 
44 11 25 54 76 96 67 62 10 75 38 44 74 83 85 73 99 92 10 19 24 87 22 55 76 74 64 53 73 87 19 90 55 40 94 81 54 29 0 11 18 9 85 43 98 2 51 66 79 23 16 7 65 47 91 95 93 68 9 67 57 5 46 50 54 43 19 88 68 46 43 99 87 88 77 29 20 37 80 74 5 65 34 20 74 43 8 32 28 14 3 39 23 33 95 57 67 70 20 13 
2 54 93 53 97 63 19 51 56 71 67 31 71 66 79 75 59 6 95 65 44 85 26 48 99 54 66 69 19 36 72 19 20 83 57 9 29 92 70 83 6 95 53 48 0 10 56 51 76 29 9 35 37 53 87 99 22 78 36 50 67 60 8 67 38 79 49 52 57 61 83 95 19 92 13 82 84 53 92 52 97 85 20 0 99 25 82 26 82 27 53 78 1 63 51 75 20 11 25 41 
95 35 33 55 21 99 36 32 43 18 40 82 10 67 36 23 58 51 98 92 49 82 40 47 11 41 82 93 11 67 46 80 17 42 53 85 94 36 14 78 1 67 76 2 87 90 41 85 38 77 80 53 77 39 94 21 15 85 8 65 5 18 48 54 97 17 67 43 96 79 14 76 10 62 67 71 13 57 21 73 31 88 63 30 36 18 18 14 3 33 90 61 47 30 42 90 78 98 22 77 
41 56 8 31 90 4 38 5 22 83 43 87 93 8 76 2 8 22 57 84 58 15 80 84 30 45 13 96 63 91 54 65 20 46 49 86 26 97 36 89 31 13 77 7 81 61 98 9 95 77 30 66 32 4 89 23 60 32 16 89 26 5 28 45 72 19 89 2 68 12 34 94 41 39 36 22 81 42 6 23 80 25 30 9 40 76 85 72 31 43 84 63 70 20 96 52 23 61 59 45 
33 62 27 92 67 41 35 3 14 48 96 41 27 31 57 36 0 75 25 45 45 54 24 29 99 20 1 15 12 13 96 1 70 24 36 80 36 19 70 26 33 48 59 23 16 47 18 19 27 81 25 25 60 20 49 36 81 56 76 57 27 2 12 26 25 48 73 53 34 56 75 52 20 12 71 55 43 40 26 38 33 13 92 81 47 59 79 82 16 86 81 94 72 42 21 22 12 18 37 63 
84 61 56 48 29 80 6 87 88 36 72 54 98 56 87 83 26 65 41 10 4 32 95 42 67 31 18 43 78 60 89 27 33 26 61 30 75 98 53 62 43 9 49 70 67 2 66 62 28 27 72 5 45 59 58 6 12 90 37 13 30 29 8 88 7 63 79 23 5 44 67 52 52 24 28 71 50 79 40 43 43 48 79 97 3 31 68 57 27 59 15 2 14 88 71 86 81 36 5 30 
33 35 54 58 7 97 86 48 24 15 9 45 2 22 79 32 75 15 42 60 77 62 35 96 73 2 73 53 47 64 13 99 6 59 14 39 48 96 74 9 29 9 34 80 21 91 95 30 55 53 94 38 76 47 50 54 47 39 35 86 77 52 8 58 36 4 36 88 32 76 18 2 74 99 31 92 96 56 60 21 5 15 92 79 89 45 23 85 8 2 36 40 96 93 44 12 67 30 68 19 
65 14 47 92 65 91 39 86 44 33 10 51 87 14 28 31 65 41 23 4 32 1 13 0 6 60 13 76 7 32 13 46 33 38 71 50 8 26 59 25 23 94 92 8 91 30 17 71 30 7 25 7 87 78 90 44 60 56 15 79 0 12 0 77 74 96 34 60 5 83 43 6 14 63 90 26 43 47 67 70 30 67 14 34 13 14 86 82 30 28 52 92 54 0 80 46 42 56 91 55 
94 80 69 79 77 83 34 15 1 20 7 60 23 69 82 6 78 93 74 82 33 15 43 99 73 73 98 51 67 74 3 37 78 99 44 30 89 20 21 67 20 70 61 37 55 72 92 50 82 35 85 74 3 38 74 96 65 2 17 16 71 89 74 97 25 29 26 71 40 20 94 48 87 25 72 22 81 65 17 10 30 96 76 16 22 77 38 24 67 1 98 27 49 62 43 96 98 30 32 72 
4 56 3 4 60 49 45 67 77 16 4 3 84 3 58 96 56 60 6 66 49 84 53 34 85 41 62 44 67 94 69 35 72 83 68 58 22 74 3 14 62 17 6 96 77 85 36 60 51 71 86 54 81 68 89 76 75 94 88 60 95 21 6 56 47 79 54 15 25 68 67 5 78 12 50 30 74 74 38 86 6 77 64 93 29 9 34 62 99 73 53 77 46 42 62 57 51 38 97 54 
21 38 76 43 44 29 5 59 37 6 47 46 96 3 62 38 63 63 10 87 85 17 28 38 48 30 86 92 87 9 76 99 26 25 95 89 96 19 79 81 96 20 71 2 51 57 44 53 45 90 91 11 77 55 58 95 98 25 13 72 7 96 7 86 57 9 16 1 86 51 55 75 46 26 12 52 14 67 51 79 45 53 45 58 35 99 30 48 22 3 40 74 78 87 52 0 92 38 14 66 
83 49 89 62 11 66 23 83 9 17 26 71 22 21 33 45 99 81 37 10 45 12 19 65 86 89 8 96 80 63 30 29 1 89 15 73 18 57 55 12 12 6 27 93 76 62 2 15 29 53 15 36 27 67 89 45 27 0 18 14 65 74 23 0 5 98 66 88 25 51 10 49 47 91 43 21 99 16 25 8 98 22 71 90 93 90 86 70 83 98 28 71 28 93 46 50 12 94 57 64 
55 0 16 37 50 81 44 12 54 59 34 25 60 14 53 21 29 99 68 97 51 52 58 90 75 81 38 11 48 11 6 99 32 63 94 41 45 33 6 65 99 70 48 29 53 39 19 84 61 91 81 5 43 50 73 47 20 38 36 8 63 70 73 8 76 34 20 59 37 30 77 57 62 98 12 76 31 62 98 79 7 25 29 7 87 99 41 23 33 96 28 96 15 47 59 12 7 43 25 82 
40 75 79 43 65 63 29 19 96 34 61 87 89 35 9 73 96 61 5 13 24 90 61 91 82 69 4 49 46 23 70 26 27 51 79 91 65 85 24 5 98 29 85 99 58 23 40 69 92 14 50 25 32 97 7 38 22 86 23 30 43 45 34 8 79 67 11 81 50 56 80 74 39 69 25 83 66 58 99 91 53 27 67 8 29 26 96 8 13 96 40 15 83 83 58 35 30 15 56 34 
45 71 6 99 2 99 71 88 28 52 54 25 1 84 21 93 19 54 45 37 74 88 17 73 83 11 69 43 30 11 97 21 32 96 34 7 83 83 55 4 94 13 96 93 10 61 51 52 69 68 65 17 81 70 56 51 89 10 56 33 6 19 62 18 32 97 15 94 98 37 54 70 47 57 74 71 34 49 70 73 17 19 90 41 54 34 69 41 50 96 95 28 73 26 85 54 98 11 66 44 
6 65 48 31 31 67 27 65 79 94 34 17 31 26 44 92 97 59 9 16 47 89 21 16 93 69 39 96 44 14 54 10 57 58 24 49 94 64 84 13 96 30 34 95 9 86 76 19 30 15 99 23 91 41 26 82 45 44 39 24 56 81 8 99 43 57 47 95 49 72 68 42 89 6 7 92 84 59 58 93 21 52 73 22 25 47 60 0 85 27 7 99 13 62 11 52 38 95 85 85 
