250513 255328 241613 294598 226897 297780 256382 256554 259782 247221 254972 241075 251982 273324 250688 267191 273370 258443 264898 280762 270616 274953 238687 265546 248310 233726 267010 261410 230565 235678 267147 272405 239013 294944 268559 261895 263955 239482 229882 257801 231641 257045 271767 239650 283651 272906 260840 265219 269244 239824 260414 233924 256110 236986 244810 272019 272012 258706 260710 244448 264596 255322 223711 262560 251537 240798 241658 253529 257353 246521 260357 249093 246804 260522 228347 256600 268697 249825 270387 274695 235658 265412 268745 259609 276474 227865 261060 234455 236035 236226 279173 267014 247923 239430 237127 247816 255880 242196 252927 283631 
223351 244845 218363 227902 188805 253676 214638 229622 241950 219218 237419 208867 229763 223291 227734 236803 234484 238368 221845 230591 238821 236981 215850 221079 233078 208128 215195 210433 215086 207830 236264 232678 214573 246051 228307 243701 244260 220877 199472 218752 213495 222121 231835 226776 226414 226682 236097 217408 229239 212291 238448 184065 222319 214132 212770 214850 219127 221651 219852 218933 214407 217005 192725 228095 217060 214111 211898 225452 223530 225386 239692 224592 218821 230148 193334 227265 239109 220359 217037 239583 226926 218073 235396 245442 218846 210719 237489 210874 197461 229139 245569 215625 215809 220345 212577 218414 214586 205208 214983 236882 
240476 242339 225508 258758 206797 267666 249571 243948 241164 229287 233643 226653 238667 259208 229986 239119 241993 234382 231417 252411 232530 256266 230589 256471 227327 219320 234979 221004 205690 226768 243507 267890 218967 258306 236388 236726 254356 226749 202141 233111 214517 233805 241186 243286 242826 248136 243028 238165 227947 230633 252570 209585 247004 226761 198944 249614 244184 227240 251496 214446 230554 217798 211094 238084 220048 215357 217866 228947 234323 236397 237726 224976 199813 237626 201236 227566 250669 224029 239636 239111 240154 238349 254703 247792 233915 202185 243095 210138 211330 230062 239619 236466 223509 214200 228371 238079 223146 220170 233751 243295 
221354 243787 224401 263129 228559 278842 240496 245249 242979 241231 244242 244602 238350 255726 231292 251055 269955 254619 238186 237297 247835 246040 241685 245881 245296 236944 236092 253975 213774 229113 241268 259820 239363 264304 241549 264285 252529 228042 197102 237388 230163 215443 266937 251887 272052 258376 250144 235066 251563 227858 260251 233825 255831 236550 219464 251623 264865 237170 240175 225436 253056 227744 219718 247289 227226 206442 229827 235743 230706 249020 244313 237373 212234 247155 209955 224908 256995 224634 246911 251405 234960 239360 257275 255514 244896 206512 249611 197718 228320 230010 247271 251877 247384 215984 229287 243821 242827 235985 248743 253791 
238063 253024 241204 265712 248801 298136 267730 260403 258683 259911 252308 253566 264296 254693 258624 267849 263704 255278 253349 251127 263314 282231 259638 261399 251056 242090 236900 236643 222863 235016 261643 276355 251277 291119 252401 266128 266999 244112 232183 249823 236500 242445 263156 257483 273270 259365 280943 256780 277086 261477 265362 227485 253976 258129 240148 264234 266087 242354 269345 239897 244921 249037 236937 268124 252048 240600 259432 244402 252790 240934 248829 259095 253526 263827 219822 254376 258367 258221 268036 267315 243754 248402 264675 275101 262981 220511 258509 236096 240069 257479 257221 285557 240907 247727 248594 251768 251145 244938 245325 277736 
269159 275529 265898 289985 253003 313194 273823 280274 272882 273419 290802 262010 271123 277691 262067 270643 268000 272236 276840 293132 285483 291854 276975 290715 266000 260682 278097 256382 237066 251985 270110 300607 267855 304360 277272 282536 280878 260306 260035 262477 244763 272231 287711 268091 288688 293203 273286 266734 272092 253000 281737 231125 278219 271809 254972 262059 269335 271137 267870 260399 274697 261516 237812 264467 280079 253053 262045 257436 277412 270357 273382 278554 260170 273646 245815 265312 280209 276765 278850 278225 269412 269548 283584 279132 280237 243703 277430 265647 239091 267734 283929 290104 259421 255580 268976 269517 250441 253346 251962 278688 
264169 277542 268341 292152 237410 317148 281529 305354 270018 267458 289965 274976 265131 287973 265368 278340 283034 269956 279109 281996 288565 280419 260336 282844 275354 249223 287093 274502 230208 255893 278989 293918 264266 303765 283167 287244 282599 271166 260214 260940 260618 272985 286492 268418 297101 293728 278979 274019 284174 258950 295223 228572 281640 253944 249654 277159 280248 273366 289448 261900 264814 266702 243382 271889 266999 254236 260568 257143 278770 275080 280645 262964 264513 280723 239724 272283 278834 268472 284334 290180 257626 273959 282802 303894 282670 239827 277843 247614 246469 258526 284795 281062 273623 253913 256312 268505 271641 255375 267318 297487 
236903 254817 226790 270349 235825 294797 248786 261411 248669 248052 262654 243469 263838 251645 241402 263260 252547 251899 236469 262876 272427 272919 248569 251017 251619 220320 252579 250721 227252 235176 256780 270848 244598 276990 245908 270283 253809 239447 233294 242258 244060 246479 259787 251331 259295 249550 251219 235087 257489 234095 265496 212477 257382 249354 244784 247941 249057 235752 237956 235110 250456 232584 211780 273454 256699 226484 255882 241326 249461 249526 250233 248070 237241 244262 215191 240966 260133 250014 259154 262881 243346 252240 259334 257601 266927 225992 257398 239081 216564 250566 274270 265909 258255 233555 248268 233410 234647 227317 252340 267914 
250308 257235 255173 272131 251405 310905 260995 273589 274032 258049 269072 260068 259266 264735 251025 263756 260601 274531 257473 284442 271276 272146 257349 267708 264842 248599 260249 250687 221843 244746 263686 285138 268687 306470 242545 286691 280467 251516 225269 268633 249447 260192 272274 275551 275918 265666 282800 266577 272704 244862 283220 228942 258297 253458 229439 262439 260128 233447 261033 233066 250025 255546 238240 271780 263857 239895 257819 250471 263903 247455 257802 267416 249326 271210 230744 257105 271974 263396 259613 265837 246474 260010 271371 282972 254696 240636 259165 225880 239487 242209 283361 275014 263255 243835 241621 265397 266623 240267 251783 284366 
239856 230661 222701 260495 238007 291556 250155 258031 246270 239893 247760 233877 244818 269146 250757 239091 246277 252934 246275 270936 239476 261244 223259 260988 250176 242899 248650 221238 216627 226915 249834 264987 241545 278714 248222 257763 259614 246955 209391 250582 211373 251806 255655 257676 265066 259871 256178 254899 244099 231677 251103 203670 256147 240433 231344 261315 271828 239730 252101 224008 247304 235188 214510 243930 238491 238541 232751 241955 254215 239771 246284 225617 244184 245142 227993 253367 246234 245383 253084 263782 226807 247130 248927 258856 243564 213460 252241 209289 230591 224652 263291 260923 225753 233808 229519 259926 249581 232969 244275 263706 
265265 261026 248347 294218 246140 300399 273412 257578 264954 260589 258429 269787 248757 275965 244236 247759 258190 265883 266194 282506 274287 274315 251887 281330 252127 245073 257024 262133 246625 258140 269327 300150 265640 295708 260271 289269 272147 250624 220541 261516 251443 262712 262030 258638 293413 268229 271604 255893 258953 240605 285371 232721 262423 263462 242166 259094 272826 238918 269261 243504 254624 244255 237660 274852 264181 241717 249134 253633 251444 258322 275677 251364 245206 273357 235651 244742 267877 269474 256767 278383 248181 264862 274872 274626 248942 248792 268716 240464 240749 255104 287127 271914 262643 242782 249942 272539 260681 245817 253300 278021 
252169 248726 227577 275934 235725 296177 257167 253238 243060 243164 231747 256775 245915 253849 244152 247373 256276 256771 238879 258852 241305 272030 244259 269798 237200 245875 248589 240471 223638 224115 253550 279900 237424 283273 254022 273240 261046 235138 226048 261418 248209 259549 258675 254065 288706 245264 253103 265900 256046 229089 262864 222429 255569 256038 224184 259269 265681 235060 250359 220914 240685 238470 225681 251751 240207 227198 244819 240468 245512 250929 248089 241700 244324 257224 224104 242898 248962 252783 259997 262152 244705 254314 257042 260264 243332 214539 260199 216403 224792 247822 249074 288261 242040 233757 258668 250865 257504 244378 251028 274594 
222964 235355 233061 251927 212610 277263 229873 243836 253685 210763 236119 222821 229895 234894 228563 244876 229578 242279 225961 246184 246760 236527 236093 228482 211187 227837 240510 225654 209530 226705 242147 248703 228273 264521 239692 249991 240233 222561 213863 232696 222624 238775 243150 235064 272310 243726 245008 230366 233281 209027 248242 196061 246038 232590 216308 238964 229406 228346 219464 217591 234708 220956 213041 238428 227042 225897 232466 214403 224077 218114 228623 225684 223858 236782 198275 232283 232838 233534 231882 231396 219187 237192 243815 246613 218420 228613 236568 216041 217116 216973 231064 237135 216949 226214 232266 227864 223812 235400 221822 249523 
263177 257339 256679 287234 231340 310170 262381 271115 265690 253370 273012 253359 251667 280287 278070 273222 254840 269905 267297 276376 272064 268851 248761 267949 248088 240928 256858 254989 224643 249556 262549 286679 251692 299432 247285 271351 268281 264517 229369 261562 235269 254423 269734 265197 286126 264816 279679 258074 262777 243146 278569 231053 271870 253556 243876 254380 260646 248117 265265 236679 258365 255412 240536 267920 248247 244987 259323 260789 254853 257173 255742 246040 242450 291495 232967 257974 277461 264071 251224 259304 257172 264042 277043 284408 253331 223836 268547 239212 253317 253208 272414 250266 255240 229676 241704 279498 261503 249308 259070 275664 
236777 232410 212607 261922 229395 275781 253104 244937 244487 219072 239444 217912 246356 245043 235640 224909 240288 230197 228038 234610 238172 226219 227308 242539 228662 226951 241575 245147 204814 237060 234546 269543 223804 270800 220477 246154 238978 237893 206438 235497 215933 231508 252892 234899 262023 244792 246692 252108 238514 222020 250555 215589 247611 220207 235471 248821 243347 218142 237949 225048 252571 222889 206245 238583 221305 228618 222951 239484 234251 235987 233233 233652 221859 240055 200058 227760 262503 232167 234014 233537 236662 240391 240774 223917 242613 222558 239704 214856 231396 232968 251266 247102 231549 212082 230552 236687 238066 219396 231031 253688 
207351 228479 206120 246804 200881 276011 221056 214491 224256 224083 226918 215722 222322 238946 218047 234301 236839 218020 219543 247471 225965 253526 213857 236813 221328 215334 249352 222328 200230 212136 235946 237110 218460 252681 230512 235344 233211 212840 196996 212533 206887 232683 228038 209533 244936 251499 226419 215993 215990 210796 249198 194346 232952 221001 227482 233136 237327 223580 235648 197975 223429 202026 189708 242797 211378 207482 206189 238861 216460 225095 240245 214455 212739 225677 193282 228615 241528 229786 229751 235648 229354 229540 244374 233254 225553 211807 227629 207561 202534 219161 247627 237141 211227 227488 218007 210151 216687 210327 227779 248614 
236836 219127 237413 263197 216310 283196 239567 248340 238928 229931 255354 255385 236055 245511 228933 241796 267767 257515 249886 262795 254362 254447 238991 252650 233412 235845 237920 241227 204297 223847 244299 269436 228076 275430 255606 281663 243719 238164 222254 243585 216720 246927 256504 245563 267133 255242 253327 243572 247913 222787 266416 220131 262411 238914 221461 236005 238386 238191 234451 226227 241239 228132 221968 239968 255479 221963 226861 241678 246070 243794 243635 241801 226547 258890 211962 238030 252131 232306 240262 247259 223820 251981 262377 252090 250311 220036 245264 216603 212008 237293 255129 249680 245692 222801 229476 231155 241012 234798 248800 260900 
260826 247284 227954 268724 244737 306112 242573 246713 236859 249902 260325 255277 262968 263085 256115 243162 245175 266082 260755 267490 267040 269509 255036 274676 244128 231885 264015 247103 223913 246423 256749 274924 252662 276015 269965 285808 258942 237376 221980 269579 233515 258751 269715 229089 271117 251295 274601 236399 260998 235177 265616 219974 267403 239214 244561 248275 274832 239227 244326 245886 253009 244192 221959 252024 248513 218710 243789 238654 265529 253847 271472 259432 247588 249432 221521 238315 253486 251511 234713 259773 252838 258640 251443 259446 255782 209536 258414 220107 230629 238474 279287 272728 254103 226344 249723 254916 277542 242959 239431 258473 
266434 263585 245544 277287 240791 306746 256802 266046 273448 260835 269377 252556 260125 276289 251035 258365 266031 257252 243251 277095 248947 272021 242003 260035 253060 262949 266768 257804 228259 236184 259973 282452 261279 294511 246815 277157 268887 251121 231244 265138 229919 259943 266016 267998 282871 249541 275218 253599 259001 239629 262695 218839 262397 247988 254307 266263 267677 249902 269839 247016 257877 245445 231111 273613 258805 249076 246750 263844 263221 251352 260998 259287 235950 264077 233790 243107 267104 261068 263998 284446 255316 250433 264237 272823 251377 244454 257326 235491 248938 251137 276860 280110 239118 247943 251067 267351 259682 249547 247418 287661 
206735 218522 197669 243313 204880 253696 221460 219542 224233 211373 208439 197532 223668 240427 218364 224713 218346 214546 206009 221684 229947 235598 210208 219561 210404 203416 214968 201300 188210 227104 230732 223186 205274 231104 228470 234994 231550 223905 194314 216413 211091 224290 223255 211048 240093 212562 231239 222896 225427 190801 226343 180781 211227 216966 211382 234228 221790 213522 216507 200682 212869 216192 184554 211017 202142 209780 214598 213347 212681 220294 225265 222495 212687 226730 186137 238323 236264 211835 226302 216944 224885 219740 232341 220655 205541 192503 217264 193887 202882 202527 221837 240810 218844 217352 210407 211031 219277 195406 214331 227396 
269984 279283 265043 274706 257990 306910 281678 277728 273354 273400 259116 281098 273771 273868 278188 269602 275987 271040 274469 290886 277779 279926 266958 286377 260296 267400 258750 258722 228135 246929 257816 309757 265349 295391 272214 291791 290364 269136 243658 270971 249960 264686 263433 268958 288246 282373 280343 275395 285023 259218 289888 242312 284903 261962 258075 280162 269513 265798 280275 248886 271277 247688 234623 286947 257300 238359 274866 249813 261080 261660 274828 258508 259141 276268 229800 259471 286867 271715 269775 285818 269667 274426 270400 270109 272038 236416 275038 245062 256267 254968 285074 282670 254305 260486 247231 272331 256030 249475 260661 304489 
241958 256503 240226 270109 240312 309683 249364 250928 238286 259224 262884 252883 243520 267809 275985 254120 249626 256356 252119 260286 272695 275975 226242 267005 251665 244634 265252 247690 233422 244362 257828 275873 255228 284677 253999 262497 271147 245214 233922 248944 234471 257426 248089 231511 275967 262708 277962 245093 265938 243197 278095 205530 260203 243953 242447 264714 259959 249967 262965 248336 266221 247083 235775 251376 257173 233984 256019 249447 268135 259304 264826 270675 256901 258659 230815 259842 266304 267766 260252 264224 253457 254280 272137 254797 268390 219097 256451 235267 231199 242283 273016 277997 245289 234738 236223 249498 264212 243931 232130 279417 
233587 237666 227744 248623 222734 265546 206569 228756 229770 231465 246648 224887 243731 240592 239680 244367 242436 238400 232939 258124 246141 244147 219339 236917 236600 208368 241844 227213 217981 214423 245583 247667 230451 246903 243120 260433 242518 220855 229512 238111 226919 228542 234389 226283 241538 250213 241078 233994 241142 216199 222061 208901 230419 213917 232020 248822 262049 236629 257435 227401 236705 215145 206678 235054 237687 211627 221328 220548 242772 231765 238907 237150 235990 222608 212677 227635 243005 220499 231487 254666 207341 238656 230905 246481 247797 212032 239350 224287 227988 223372 251427 250621 231920 225141 215086 220753 237076 214419 228027 246651 
251058 256925 240284 284004 232959 300211 255426 255037 243482 273827 266619 254051 262066 265252 274813 257172 266500 258944 261916 276365 260409 275535 249922 270417 251263 239582 261421 243596 218616 232661 268821 262395 253023 283058 250648 276150 262883 243013 238833 260541 234369 265924 264563 255758 273037 247107 272676 255015 266714 239700 268265 232588 256842 236992 241516 253179 270628 235758 260476 228394 254188 243221 221719 269017 254173 233425 250198 238456 251039 252950 266817 242827 251880 243077 221852 247828 268843 263146 244397 258994 235232 275203 282553 263902 251168 221644 273979 232951 238130 243050 281505 276912 263226 236405 236294 257688 269835 245940 270645 288021 
220174 232053 238617 267688 233879 271187 237988 249197 244594 243917 243299 243639 246711 252298 249606 255613 261241 252939 243454 256003 250563 258159 242756 245843 237260 210458 251803 230805 214317 232996 264357 277173 228028 268235 247627 253979 253750 232707 234962 236801 230843 241071 246783 237831 266145 260696 244563 245457 240746 228256 251202 212192 253666 235040 235469 254627 262189 238313 254413 230679 244745 239562 222009 265733 239407 223326 224494 252305 232565 244174 255256 248420 235053 249377 201887 241922 252529 238653 249182 259911 232763 243607 241817 249979 242495 212388 234164 213967 212283 235794 251340 255212 236513 228869 229696 233420 245741 213435 252458 248329 
251772 265191 253993 278335 272733 301103 271288 270872 268351 269876 266546 272869 276539 283096 287598 251743 265201 272335 269845 283830 279024 269391 254219 274574 261869 259450 275541 237640 238706 251349 275335 286844 260445 299475 274808 291438 283649 257448 234203 259177 248561 265131 249622 266889 276466 263378 278709 268442 286107 249049 264781 239657 260220 256762 250659 274014 284991 242412 275857 245162 273272 251330 238600 268799 263219 237043 257217 241230 256447 252825 268844 262001 259037 266773 232009 256860 276501 265206 262037 280627 250773 261755 276060 279102 281892 246232 265818 242664 244347 258016 287490 284127 268518 261084 233320 254696 264390 243688 256388 281195 
253698 272377 236369 281178 245239 280016 253776 267703 246499 252865 257402 231043 252340 265264 263245 273443 240622 256038 254193 275869 262689 270649 258641 254175 248952 231246 256742 236380 226459 250378 267945 266143 255686 280970 258079 280818 254382 257636 233314 250208 240502 266202 265556 256048 258318 260560 269831 269342 260978 232732 257708 225293 258706 239155 248515 250488 266839 245572 263715 239092 255427 230483 227901 261164 252066 244991 238942 237154 254003 250108 271316 252234 253797 250902 226027 250168 271616 260070 240024 257258 231600 261083 246108 257076 255513 226975 264691 223933 237562 254974 275544 269476 244773 232123 238654 263932 250027 227842 260407 263212 
218421 239542 225611 262371 223226 283885 229998 233590 238958 219753 244290 234985 250505 227504 239827 244531 237940 231873 237226 249771 252846 247743 233851 246024 241323 217433 236336 239681 215655 228228 240137 254892 237434 273426 245564 268619 246511 234576 219145 240284 233090 243660 250338 237395 259103 255701 240659 253424 248126 229162 263336 222905 247881 222521 234374 246425 241714 225293 240379 216725 245230 223529 205717 235982 236546 214784 225337 226236 245527 243346 242194 244191 230394 240284 217051 231725 259004 232610 242395 253293 226626 232033 236067 250581 241268 228262 251947 230662 214377 251573 261053 251089 239228 214495 231362 226296 229122 215524 242731 258982 
258655 247090 247737 286504 241028 295281 268733 262115 255938 251285 256964 253394 259455 275762 260503 260137 267699 265529 273203 275996 271498 265416 246834 272334 262344 250400 244261 235897 237521 254162 264390 291341 255716 298848 272314 280375 276126 263998 232864 251548 237295 259110 267062 251212 303561 282512 265823 268418 262209 241554 292223 228723 266585 255172 236751 256458 260647 257987 264311 247699 266354 243465 227456 247503 254356 249595 245970 247379 254121 249913 256635 252909 262345 273317 239353 264252 266492 251982 261632 268568 246613 246588 269799 270494 271381 231136 269059 248271 227602 258053 278352 255679 241669 245139 257112 253577 244833 231738 250244 278869 
217378 220798 186025 242025 199928 245977 233920 214266 211699 210001 213571 207623 201510 216896 208076 204095 212849 215106 199053 208232 213683 232457 208525 206884 201728 188977 222401 192730 172271 178884 221694 233719 198952 233435 209444 220890 225230 205056 181875 195249 214909 205072 224923 214478 234057 208438 216140 206434 211957 199032 219981 184779 228133 201761 200590 204097 212901 211757 201165 189616 203713 207897 187771 219170 206759 198542 205944 203547 221702 217163 213471 205656 219789 213025 183317 210351 216812 217802 220187 225582 203395 206039 228474 204083 221740 184370 211967 206935 185018 203212 218556 234594 204084 201928 203511 209120 208839 187211 197449 223101 
234733 267459 232129 268717 228854 282831 237308 260572 261129 257355 271062 240826 238116 257348 236842 254503 273708 263061 236396 252396 252485 266413 240964 248966 275350 250919 256205 240070 229383 237363 272782 264185 245670 280322 257545 270948 276567 247813 214360 244356 246097 244370 244311 264470 275496 276734 256493 241858 248534 244304 258821 222715 254236 241329 228106 252803 263509 261577 266012 227763 254838 250906 228392 248018 241877 244698 241148 242069 267162 259291 269906 252012 245325 249171 214475 257717 254693 246074 267323 260816 244148 259615 275017 262642 250833 217478 252603 222027 225990 261484 276108 270815 244022 243265 245293 250572 242286 232739 259455 277485 
229074 229309 223083 244262 212810 250339 227586 233966 220319 212819 225871 227008 230852 226550 229737 238978 226525 232361 231095 227713 241321 233309 233054 216025 221131 193332 215424 216167 184620 213674 229336 245711 197552 240847 241863 244814 250737 223268 227171 216962 219347 213936 239297 207484 229941 228302 229866 225835 233932 215548 256869 191700 233954 212464 204444 231483 223534 219789 233309 214983 204407 224214 199367 226594 208207 193911 212121 210479 211767 227815 234111 231587 220230 221174 204693 219280 241900 214509 217877 234045 215360 217866 222862 237588 231277 193566 241091 215480 194397 218788 232416 236041 226358 207835 207191 203222 209201 190581 219428 245771 
227469 224206 221692 268012 221175 280900 237332 243360 240638 229682 242578 238212 232135 251816 236566 214590 250316 243423 236049 256626 229026 238594 236481 262935 231703 232744 237537 217014 211326 233119 239512 267608 225827 264621 245551 257354 250869 224468 200065 225459 211051 238784 249194 234877 260254 246110 239317 245638 247655 225270 251385 213660 253678 234609 221951 236367 247566 235146 242995 213329 243039 218648 206485 220558 221552 220798 213392 233831 231023 231736 227106 229075 228831 248693 218997 240439 242181 224730 244371 243777 231888 222602 240379 252828 234045 221778 244327 216144 220858 233465 252122 245381 223724 210127 236733 232454 237848 222226 234648 249336 
248983 255952 241099 281345 241809 305758 250676 248336 251375 239215 255870 268911 259931 265722 241971 254645 263177 246599 247310 272085 273454 274326 242808 260237 255474 244964 244270 244741 219200 247378 253075 262741 254734 301159 254136 277138 250471 246589 225461 250871 239348 243448 263184 264570 281834 250935 263633 260474 271551 227897 259767 234603 262054 254328 250862 264741 250800 238088 253826 238638 237702 249586 233473 252655 269754 243257 244526 252104 256596 250239 260403 261394 235049 266341 225691 241738 271311 246843 261219 263320 250561 255868 268954 263795 259960 237204 256033 253380 237715 267896 280770 268816 272022 240865 245620 256237 246178 229674 242807 294813 
223466 236069 216356 255646 223613 286695 227893 238843 237021 236799 235333 231077 229643 248450 228716 224256 231771 235830 239238 253140 238378 233258 227283 242276 229308 213310 239662 232693 207824 225355 236382 248805 231490 257547 240525 253429 253222 228637 209794 215921 210234 233619 233257 234909 247657 247079 241520 227793 244508 217787 253494 215236 238198 226806 212103 244762 252335 224005 243844 222021 234814 224587 200770 238854 226128 204985 219923 218679 214068 235106 240848 220239 216956 220255 218066 235006 254538 225938 239370 262369 208875 228705 235032 255090 227091 208474 241315 205943 227497 226527 250998 237669 229688 214440 205721 240465 228385 222037 240130 243633 
256812 251367 248705 278906 232275 290744 250971 259093 255674 249901 261297 240145 260858 267089 264106 261050 263435 265147 262026 275827 259895 276845 252909 273864 245979 241167 258401 232456 230515 223601 262725 280782 254002 284482 270939 267781 274985 236032 232372 259895 243381 254387 261127 252869 269482 271039 266699 262038 255525 246970 270013 221335 254901 253888 242025 254162 270886 247578 276781 231535 258925 239027 229923 265409 240674 244550 253783 244476 254836 254104 266255 254824 250598 259807 224812 260011 268560 260836 251049 262019 241736 266975 267373 267988 266531 231730 260858 232714 224749 247906 280273 270181 250113 239726 238346 253559 260024 247889 252418 284445 
249022 246679 235460 277944 231371 292334 255834 249157 253933 245705 259865 251807 237083 258659 244859 265999 246717 255854 252899 279779 270330 270432 256273 265202 236770 225972 253932 244129 230351 241684 259029 289989 252668 274316 264481 297048 259100 240116 226132 255067 243218 248045 262811 240154 277767 282415 267020 255242 251309 222756 271119 237166 260389 245863 242758 252995 277193 257801 266096 225980 257039 240519 217448 262576 249100 220101 237771 243814 245968 254013 258490 232653 249272 262604 216807 256047 253399 252629 232876 265092 238555 271257 263926 257729 245556 230375 259475 223710 238624 241503 262766 257859 251709 235762 229002 265982 262346 244672 256976 269712 
200454 228739 211596 228262 209320 268540 204378 238751 215540 225728 221602 215639 217427 228003 231565 237009 244613 235149 220438 235006 240826 232280 228896 227433 224429 221653 228027 211086 198622 202126 219949 234745 228024 242174 236479 235931 245688 217140 195762 215844 202753 225398 223619 225014 241908 235875 236346 222762 229378 204825 241879 190226 224119 212975 210314 228733 240684 229203 229877 208476 226354 222066 196143 239715 223695 209157 218352 205861 232048 219755 236074 235434 218425 209181 190731 215696 239896 216782 236165 239180 216829 225223 223249 242735 224367 198711 215336 188681 204244 204749 243088 225126 220162 210395 215317 231947 229921 209233 218744 245756 
241058 244627 218131 263529 217875 281412 232433 224401 239947 246083 239734 220786 238334 260246 232922 242762 231180 233354 244971 254114 239973 244325 232891 240226 229570 227109 230910 222481 206658 223749 243561 249274 245777 252759 249506 249385 246543 225234 214370 227119 212038 239116 250915 235945 259005 245782 246339 241554 229995 217915 235854 211824 234235 234295 245076 253773 257223 236815 244852 218560 230514 225881 202768 244880 237103 225318 223792 221568 228788 241734 244160 237579 223750 236820 216521 233128 253335 243583 240459 263909 219566 246182 231460 240219 231090 207424 245547 225301 222149 228263 257475 253920 231661 227399 221746 247297 236101 230625 220258 259788 
225907 241818 217359 259571 218918 270221 240623 246997 254257 242900 259940 247137 247524 256351 231165 246871 252256 240056 232160 261465 239507 256110 235621 237319 247547 240837 248129 232778 215080 231835 258269 262585 225030 275309 244707 250119 250431 234918 219754 226056 226841 249620 242593 249147 258285 240300 247650 231410 249929 229610 248675 211412 244931 258431 228230 260041 240877 241055 251693 225998 242855 230087 205213 243240 236754 229933 245248 237857 241027 240344 245670 246859 217540 248905 218974 242957 251713 243808 263843 264959 250261 242358 247366 269951 249627 212972 252292 218727 226948 255055 262116 256039 237767 236871 236456 230628 229728 225124 243762 262307 
231215 251283 221465 260300 239111 281835 241846 247163 255313 238709 263558 239865 245155 274659 256600 277484 261274 262590 254383 276638 269467 273101 258583 244098 238807 230646 237982 252349 227220 242304 254215 275399 236102 260688 249955 271768 266961 248684 226041 242282 239832 245329 263767 237839 261679 263838 253169 241420 260665 238581 264127 220370 255355 240536 239417 264495 252580 250359 259002 239282 239972 224646 227116 263408 249664 231233 236568 244724 246171 242345 260112 255720 229257 248401 210349 239216 265206 246085 243453 265160 229704 280984 245351 252484 244400 227007 251012 209326 231339 240867 254609 248500 252327 223939 238166 241430 235420 244539 255998 256083 
259882 261679 240463 282070 238058 325178 252080 268164 274706 243713 248607 256913 266316 270004 243379 270732 268288 262685 255338 288577 272554 282637 263526 272276 249369 238807 260974 256814 226831 242694 267209 287910 259309 293534 258588 276115 274051 247767 241520 259715 254310 268163 283345 264195 282751 277231 271900 268347 258972 234991 274918 241169 268993 266131 234422 275845 271696 256380 264357 234767 270601 253689 240740 279277 267818 245397 249560 273820 260987 258545 267664 240338 249726 258756 229098 247922 263004 260647 267905 281222 234107 259632 255482 268937 247389 243976 265271 234238 239331 246916 264459 282865 256915 238017 251537 249720 269399 250105 242491 272836 
229145 228120 228178 251591 219054 266996 238278 237398 239418 243872 234311 224844 234556 234406 239606 233687 233002 240295 226968 256632 250696 239462 230263 231798 242693 216490 235809 223594 206294 226325 268450 251511 228722 273431 244061 253437 240202 242432 210369 240490 223141 224056 253974 240007 267433 238710 245424 238216 242672 223276 249087 220127 241631 219859 221339 230689 249604 228583 229409 222761 227894 243195 213696 247238 228277 210889 221719 226606 218281 221165 244461 227882 237245 249198 203466 239365 246130 230939 214827 217152 214309 246121 244557 253698 226847 220347 234229 226252 221029 218696 255382 244762 239580 203549 218125 229540 238355 214785 231211 250577 
247011 253799 227777 273733 236825 292171 257700 240946 248518 258993 241152 247093 251353 271990 255646 255945 259801 253105 251576 262747 246524 280704 248240 264865 239782 228222 248260 237555 231678 247019 266509 279391 239404 287377 242269 262661 264191 239386 218056 244877 226484 251550 252369 254712 274347 259743 262375 255438 257805 242674 259219 233207 244175 244999 225191 252117 272094 245599 269480 239597 246893 228042 238375 253162 253843 221074 243344 254137 253041 241977 263313 248987 239115 259228 212802 234292 247874 245550 255939 264788 226997 252789 261234 267110 256914 218919 263195 219372 219291 243179 266641 261672 243113 242395 242879 242864 256017 226589 242611 272796 
255162 267169 250102 281174 249413 300996 254581 258648 261846 253442 265587 245753 252893 258301 266271 251350 257523 268724 243665 271890 253494 272364 254966 266880 248816 238363 257229 245556 225134 245842 272405 277947 258821 274721 252425 266062 275557 227854 238871 262621 256968 259613 263121 247672 279093 260746 262219 255443 260043 236866 261334 217514 251432 248283 244525 279009 260067 247283 262750 236590 264546 249014 223313 278777 251663 246157 235441 232698 247538 255509 254370 253135 250765 255248 220364 261129 275058 260570 268196 265605 239681 272151 268669 251604 258865 234341 252278 229726 240786 241723 263212 278271 254166 238383 240673 254550 255866 230871 245500 285334 
224502 211550 217326 236734 206528 252347 217689 225254 229605 214889 223002 226578 222258 233433 222321 224862 238820 227730 223790 240189 236007 228228 205636 229538 212459 189296 220196 207156 205559 217684 223628 254727 210915 241731 226961 237237 230554 209257 201734 221816 206573 226458 230708 214073 243505 235642 225196 238362 240365 205032 234644 194952 208636 201014 212476 212480 221903 226449 236446 206221 214743 222588 207765 227755 221797 209794 211374 227572 216770 220647 226633 224679 230931 239860 187377 215601 232355 208838 217668 229387 200102 233968 220389 241137 232401 203143 225918 204447 203275 204567 236651 229766 220826 206715 211980 224253 219653 204162 223985 233082 
241785 239683 246630 276939 244516 308411 246324 252062 259118 259754 256083 258066 251805 259144 266580 249970 249645 271355 261431 284859 270333 268567 243543 282696 245136 243027 271333 243392 233741 251650 272343 288962 247344 294474 256209 272943 271346 253156 220141 279104 238016 277687 261805 235285 297752 269858 269104 263609 260458 245988 273700 218596 259384 248076 244231 260373 263395 240890 244149 233937 282265 242997 227027 272327 252466 235282 253258 253975 256365 243974 261082 241267 240135 255450 227399 271346 260663 254721 260729 257635 242809 258016 248239 255268 265572 228649 258728 223611 232013 245291 283440 252356 236853 222820 252472 269585 259460 231127 254509 266799 
248550 272622 253219 296077 240402 307076 264230 290685 277416 267366 289218 249969 272844 302918 256988 278779 286092 274867 272415 289640 289171 294963 262241 270533 278315 263585 284462 255968 246098 264623 283699 287094 279869 307689 276953 285590 283509 261944 236068 248254 257341 278610 275672 274201 284433 286827 285710 281743 270462 245505 277076 226712 281004 262850 255573 275905 269039 270799 280773 252905 277429 255675 250245 274132 258560 258458 262253 263094 273267 264404 283068 261018 246373 276640 225174 258528 270359 266874 275460 286474 257189 266731 283992 282724 274473 241605 282120 252448 242682 262367 303044 271911 261178 253555 269855 266723 266273 247934 260734 293618 
226070 227477 238036 272311 224043 279162 236652 233791 248427 254213 253301 235812 235765 252939 233511 250987 254640 241151 234283 258565 252353 256977 235368 244469 236348 215134 237020 230757 216788 216531 250087 265038 226335 260419 258368 270133 243096 216430 219046 229892 220492 224540 249786 232523 253540 253737 243137 232839 240529 216733 247925 216290 243055 226803 222099 239827 261716 240456 246735 212394 249489 238018 204827 252868 229174 217536 233575 234869 242108 228690 241209 251979 231848 252932 210848 237835 252205 234474 237579 248870 231331 253341 248201 254572 264027 211604 240910 217557 221248 222684 255543 244905 228655 227550 221671 244887 238444 223964 234210 248332 
228234 247108 235131 268654 217859 269090 228660 235501 239493 235385 240934 231788 241090 248383 234475 251968 249590 232900 226756 238017 250721 255618 228487 249153 243684 214195 247249 243883 227236 234262 247326 258622 232065 266434 251297 257025 242147 238502 212461 230885 221526 229637 250094 237926 257970 261098 246318 239248 246802 229001 250176 214146 241158 225917 234061 249774 250662 227924 240390 231601 241601 210189 212822 244188 243560 217523 223833 235326 230421 239331 254690 246497 222291 236605 214373 240611 269257 241356 246538 238268 214582 245850 244238 239104 241540 207962 230521 218618 225452 231118 252864 253316 234859 221038 234636 233623 234125 222923 251417 245915 
252234 268039 247671 266840 251743 293620 256789 254729 265315 267369 256816 254231 244571 275506 268758 257232 260445 274468 250976 271275 260541 281986 249628 272001 257478 244271 247089 236168 234155 248218 262024 281033 245656 284593 262406 280972 275260 255903 213057 242618 255888 263567 259930 247383 281524 284086 257621 263499 269133 254499 270053 222188 252182 241572 228638 261609 273291 249886 264738 238457 257809 224919 246458 261148 252372 246273 246088 262105 256660 253950 272176 239584 249143 250706 231370 257615 260092 251691 248372 271709 234056 253290 259594 260915 262018 227481 270387 223548 227061 247219 275075 269161 251455 216118 251888 253077 250712 242501 247436 269601 
223723 243367 211690 233317 205347 250951 223263 224143 219038 234023 227309 228998 216238 222392 222033 221709 235090 225507 217527 245529 237195 225665 219225 240247 226802 211165 235686 207695 198826 202293 234127 246801 205241 247346 229324 243236 227560 225421 202040 220722 212852 215968 239786 231931 229361 237232 235372 247079 222730 215850 224384 201864 214865 203823 212138 229946 235016 209502 230273 204603 212352 203062 215762 227901 229477 208525 202644 212745 226050 213388 228278 239919 214674 229286 180065 216776 254839 214452 222699 224787 215753 221880 235585 231737 232460 203145 231325 196435 205729 229453 232969 220306 222487 218898 233546 225443 221252 191965 218450 243083 
261905 258551 244455 295038 251558 297936 263760 257159 263769 262921 268529 256658 275302 277595 253111 269235 281008 273219 262722 287955 286835 279378 263171 280096 270483 253762 260986 252981 238007 245992 281407 290754 245559 287978 288199 303715 274772 255940 232522 266641 250764 268635 279553 264335 301119 266217 269857 280918 267301 250335 281570 240066 250684 256590 240256 262494 290736 266740 270227 236931 259770 261124 232215 255472 258462 249187 250761 253433 263456 261309 281634 262027 260527 276305 226833 256961 273296 255657 260977 265594 251790 276026 285897 283068 281251 244953 294178 241825 242869 274579 282540 282112 262426 264279 263987 257595 255557 245810 256898 289814 
232333 244102 225802 282609 221425 275425 251810 235378 241224 234205 233788 251964 251897 246512 256392 251181 248663 235735 253365 260278 256666 269847 242403 249964 238448 214965 239060 223829 221950 222828 250024 262644 247292 267898 255267 271260 241068 228935 221692 246435 230557 238226 242088 233949 254040 249157 253576 248248 248966 221470 249421 225507 250696 236835 241322 244473 243986 240731 261995 228162 235796 220797 207502 255070 234424 212229 244189 226142 228873 221326 247682 237712 234735 251459 207102 232975 249590 236958 244435 250205 238836 252064 253836 250580 249930 221610 244547 230694 212623 233647 262623 256273 237067 234789 219293 239354 239504 226453 237790 263736 
266575 274160 267285 293709 265781 317892 268564 276106 280061 278558 276831 263833 282505 277764 292660 269271 272459 280136 276265 292178 281037 273682 269196 291770 267401 270390 265195 248350 245968 248771 276996 287542 273124 301683 273955 297947 293060 274702 243685 283741 242297 288158 291666 268171 303651 286292 278479 284238 290578 276376 279830 246296 260472 257173 258538 276388 293030 258578 266303 247087 278658 265002 241259 281261 279995 247626 264767 262917 265911 264397 285670 255734 259509 271772 239111 286464 294333 274229 282046 280682 253050 269377 280980 284883 271332 250593 288883 260272 241427 253551 300920 292970 265881 260810 266065 276419 273120 260841 274113 290664 
226460 232091 219305 247899 211952 278039 224224 232953 240005 238862 242605 240914 245737 234283 238180 231548 237149 232182 234156 249615 248696 248741 225118 255888 221720 222684 226032 234290 218515 213648 235055 262555 224283 267055 243678 252880 257817 223760 207613 233601 221363 240357 242447 237766 251402 233528 226399 229522 257884 235333 238611 205690 241887 224567 247200 237486 240412 219113 214400 219383 246183 224612 203882 244744 243036 211483 227234 230126 236987 235873 235321 239916 217486 229067 209173 231654 243819 247246 254665 256167 208872 228011 238806 239026 249582 225623 237104 218966 197861 226692 260639 250615 226902 216381 232133 224203 238451 233319 235938 259028 
239556 258735 246581 277486 217025 291535 248477 256795 246727 256034 251523 251664 258924 255551 253834 262147 264207 255341 243601 269126 270325 278767 247336 248574 257983 236849 249699 231137 236841 248941 262940 251557 255192 277134 265069 268864 261698 239306 228599 257726 229292 250853 275797 265565 275171 253803 262735 239731 259642 235252 258429 217561 246138 251452 247400 269571 267765 237669 250041 248052 229905 237879 221541 260261 263185 236813 246129 238444 250883 244266 267551 257333 241621 257742 232165 254736 259997 257322 264747 250199 243153 263204 274412 277963 241739 233446 248388 225109 234450 245862 270509 265107 251243 253471 235124 251690 251241 235076 250474 281716 
236031 242451 232059 274495 236057 286168 251314 244086 253223 243429 248983 229241 238791 251472 250592 239523 247508 246185 246210 260000 246109 267194 244758 251801 232176 232697 240902 226385 207730 231215 251059 265416 231552 266467 252707 266623 263185 229018 212638 229070 219895 255573 246288 229052 270952 262913 262570 252539 254412 237042 253665 227023 235798 226427 212941 237008 261102 237915 246423 224045 253832 229298 227104 242209 234704 229269 237459 238757 245882 240115 256112 222974 246705 245860 207906 255254 250350 236765 243014 243555 222284 255021 253663 255061 250659 211739 267171 223512 215630 240067 262298 266582 217789 232982 234516 246399 230278 238790 241475 259571 
235306 235573 231659 251203 224594 274510 220791 228106 224207 241163 238887 236212 235277 253006 245701 231926 229637 239044 234577 250887 261467 255997 239231 250142 234253 220254 224468 235524 221961 234566 252380 241388 235425 260163 230301 252847 234371 242156 214504 237447 209902 245652 237987 223972 266858 235585 248280 240196 249450 222594 238726 211222 223076 222654 212050 239052 239841 221404 248175 224194 236218 235964 216693 226931 235373 218729 227463 224777 230473 219124 246117 234498 223754 231796 198229 223230 245506 218647 238100 236875 220680 247410 237461 241406 235390 200900 253503 212758 222190 226017 252575 243180 237385 205436 221902 229905 232349 215760 217038 252402 
243946 254477 242658 273884 242468 301202 258538 245539 269582 243166 270099 246493 249473 281623 259524 262406 250358 248979 255819 278626 268714 270827 258863 258881 243677 245463 254744 241787 225616 248770 251318 263297 251132 283149 258463 263311 264806 239519 230563 250297 233526 266536 266508 244009 270356 261269 255877 246626 267884 219896 261314 224843 242672 250852 252217 271899 256689 244144 248244 237060 268504 240186 214336 257364 248911 244647 241930 250593 246753 254144 255946 251537 242556 253135 229291 248775 270666 260458 262052 277093 244623 256055 263350 256791 254710 238095 253289 236094 240386 242882 265070 267141 242315 247391 234387 257630 245164 247208 231894 265930 
207887 217946 205807 225176 221671 262638 219695 234582 237033 213404 243240 231492 242144 235753 228246 228802 224574 221140 223598 246118 234733 239718 217877 242482 234522 207803 209033 212852 196228 208321 242122 238968 233717 247607 221631 245550 223076 230141 210864 221848 202424 228933 230448 235762 235204 230973 239013 229518 238216 226962 236647 203068 227283 210966 221766 230034 235309 220735 234988 198075 230146 217292 205697 232209 221880 206928 222797 225837 231646 214863 238824 221037 202091 233625 191368 228137 246678 223329 236123 244138 230217 231468 234131 250865 218794 203767 230670 198025 208366 241443 251310 232765 225130 219304 211003 220242 225235 211157 223015 246399 
254572 256730 249502 279666 231575 307583 259460 268006 257946 267415 255127 264787 261220 266693 256985 261793 272309 255055 252845 258608 271559 283787 253287 270403 247277 245226 251747 240880 216773 250481 261709 269204 240448 276528 270663 277126 278464 258579 230849 251083 236625 248726 265657 250940 286277 266165 267391 259276 275715 236519 264038 227615 255045 268612 232269 261056 262239 254031 256053 241923 239397 244521 228922 250085 272301 233579 257602 248678 250267 258725 266159 253014 239051 259256 219305 260125 263735 256780 263851 269618 251089 266219 280775 264053 247523 214101 259784 237529 231310 260622 263048 267211 263645 238246 243669 257947 253301 249439 253877 279361 
215601 213548 212301 241743 210684 276699 215172 232683 214552 224876 223772 230194 215605 231466 233939 214775 215875 220883 236034 262695 225025 240897 222896 250711 204643 218563 223507 215553 185978 220642 235862 249233 217871 258870 231645 246810 231800 226172 216588 222136 201596 237819 219115 208463 245881 234802 236365 232736 236019 212656 231697 213314 220850 218895 220269 220165 232607 224606 235215 196171 228425 219410 200726 231296 217953 215933 225684 229664 227666 227269 228099 220269 235600 240903 195790 246392 237614 219715 221926 237823 215076 226835 211856 233541 229436 211699 225540 205292 206821 213484 244265 242072 217933 202239 200369 240389 228769 214492 223608 251783 
255033 265359 237980 283158 252815 300846 274925 253655 250099 252893 248243 245697 264740 278489 274461 249578 258449 268570 259499 272673 254335 277513 253031 270732 249977 254361 254868 234513 236221 248215 265880 287226 253533 284205 273745 272363 273025 249924 226762 249453 244196 252710 266323 244225 288150 262507 278510 263368 261843 236190 272947 220424 257208 265983 244794 258603 265213 258809 269437 228258 259349 241667 227264 264650 235929 238597 253503 259176 264426 257936 264592 242068 253232 291066 224470 266655 264654 257292 264705 263382 272174 259633 278075 269889 260566 230719 272095 250723 220878 244238 271173 268208 246992 248666 239028 253615 249970 231139 235446 278773 
232219 238824 238448 261629 237636 274283 243857 259630 239642 258119 251271 252016 251144 247171 252933 267960 255627 260547 253774 274032 268388 271239 233069 263058 259409 243598 247773 248333 232729 232491 259073 273256 247422 289473 255787 281795 249273 248307 223220 263567 217035 243356 249467 242206 282435 259451 240368 255141 250679 227378 265143 226666 255120 234597 236636 253013 263147 240418 253562 225475 267302 241186 213984 254814 245051 223476 243767 237463 239402 227326 263834 255805 233961 255833 208044 245795 256399 243419 244603 257893 246782 255053 262193 255136 253362 230942 248363 222850 239061 248134 268708 254389 236111 235970 240625 252587 248334 247165 239637 270682 
243371 243834 234534 257783 208234 270446 236842 241313 245237 229013 240873 206689 240419 252158 237992 237502 234393 250672 237503 248020 246356 253780 224850 251825 241491 228979 232006 213534 212387 230565 228324 235828 239497 263982 248785 256768 262247 225932 203044 228383 212665 231327 232010 246844 250186 253867 242610 241044 234273 214287 255688 200581 222489 231051 215476 237736 247727 221862 241433 221139 237756 232923 208837 223329 223086 221030 233664 227500 241351 231754 243433 225426 230352 242234 220136 235288 241499 220485 231972 245888 218459 240711 253696 251307 234761 199750 242960 224081 215602 219436 264603 241987 227483 227035 221100 242119 227509 227899 218381 252985 
249680 259885 259898 279371 258551 292233 260477 267732 259118 253040 275364 266902 262680 285376 265718 281521 267517 264509 259330 271470 274763 284870 247800 280301 263898 249229 261373 266249 229777 251911 276193 279382 257656 280819 262134 293416 270098 263351 233472 263876 258821 258010 252913 255948 282675 256654 270899 254570 282067 243860 283534 222555 260208 251225 244872 269810 261319 250607 264710 243232 265985 241441 232813 273975 252860 234529 253044 245846 239296 244039 275555 270797 255446 272312 223813 271174 279365 260133 280291 261838 255454 265895 274939 273217 274641 246207 262802 218775 252090 242839 272607 284411 248649 266888 253744 249438 251659 245694 257632 279366 
219957 214988 215091 265548 208755 264864 219075 220984 222864 224916 218702 230432 211884 253317 228716 219338 246571 210703 250298 268577 230124 239935 220926 239726 215379 205690 229940 216221 198984 220218 227186 253830 211931 251974 249255 247150 236570 234640 198022 224163 195643 227405 223621 216700 233454 242597 243462 249351 242034 198173 220732 215961 229253 212984 201438 224655 223580 227042 234873 202457 223239 203807 207231 221442 222048 198290 215268 221861 224712 214924 227027 217960 222850 248740 201467 213203 232621 222519 203315 227916 209136 228333 228283 234100 237508 213247 232066 209996 189414 219637 256121 215491 221919 218481 204495 236367 213107 199758 230335 229846 
253034 263778 249890 274286 238069 293727 252830 257630 256039 254339 255037 257045 261394 265340 263538 257151 257148 251245 270428 286013 266852 264848 252557 261516 256874 243945 265061 251450 234917 248081 262426 277495 262066 288402 251382 285169 259055 251327 235213 275303 241115 266833 258842 264315 264996 278127 271886 262643 269267 248564 265537 243530 249797 241999 248514 277089 273108 232625 285603 241649 257923 242498 239550 264736 259146 238097 249216 234016 255718 249001 260672 260154 246376 256804 242031 241060 273380 250962 253858 272323 237767 269227 267544 284240 272502 243756 257861 241676 245502 248579 290653 284286 260058 252328 239448 260781 256096 245400 254226 278472 
262941 250367 246114 307896 243798 317779 256146 268571 256135 257981 258703 267028 265344 271558 274325 272685 265065 260096 269041 290092 272611 282131 270355 278885 250908 249566 270361 256432 227807 243916 272851 284110 244591 306663 279249 281725 279296 260272 242165 262815 232611 266501 265695 257561 285340 270996 271029 265081 272601 240690 284573 239817 281370 256018 245215 266207 276791 264698 279685 249138 262599 239453 222958 273719 262354 235198 253057 263229 252767 259491 271791 251275 256168 261624 233513 273933 273001 257172 264237 270979 245241 265207 276471 278411 271561 239974 278041 249087 241638 260508 288636 287994 249579 256774 256010 260313 268936 249115 264022 277420 
224536 236967 226397 260634 240940 290415 225267 246595 250990 237760 249425 221409 239305 253659 245316 244465 231569 239035 232976 260155 243583 260856 236013 238421 218097 216847 245503 229027 199412 229690 242957 247410 240224 257339 247634 251943 242577 237598 214227 225996 223349 234220 227856 231454 253522 229570 249175 238328 243011 208547 233607 203122 247468 223118 229251 234701 249425 231271 239212 220487 245616 218007 217470 252303 235600 232950 236520 229981 241378 232693 248538 242984 226732 234732 209620 236873 254691 240337 242775 253209 226852 239042 238688 244172 239328 217908 229431 222298 221440 226500 254490 249795 224649 220730 229385 249711 235332 220762 225764 243813 
236376 240807 228134 275994 236226 278586 248982 238936 251738 246673 252764 243897 254474 284527 258273 249700 271632 256657 259817 283893 253279 254939 251245 260793 248945 232572 249174 235517 234256 252658 268693 288679 247771 270743 254944 263390 266776 244080 220091 240697 215081 255244 270402 250947 275674 260300 270653 266482 260546 237619 265744 231610 255910 235659 240570 250480 258370 263684 258551 234748 265793 239990 231371 256766 241621 225359 237293 256228 241779 241274 255077 243098 242620 249188 219980 242172 256354 253035 254183 250568 219120 246790 244957 262346 254863 214170 253151 226891 232044 226011 275081 249275 229715 222595 227331 258655 240768 227738 260251 257881 
260302 262294 248715 291373 235692 307786 268107 264827 257675 268854 252664 249860 265023 278876 264270 260336 261729 268954 256155 272654 269825 286918 238582 265191 262499 248198 257943 254821 231962 236772 266551 278774 257054 292943 263490 278641 270221 247514 222953 264239 241139 274001 275839 275675 291517 267774 261132 257002 256351 235413 276641 213355 272419 251764 249480 276815 270441 241342 255500 236535 262538 269420 226625 277156 252568 245676 252452 265173 265147 256434 273871 250224 234219 276566 233100 258657 266135 253075 268025 272929 258217 272149 277494 277343 259669 229045 268241 232249 239260 247166 294775 271869 254925 239626 247143 277093 258451 251404 252987 285323 
234365 242684 244280 264237 235808 287063 238696 241375 263211 244523 255421 248660 252836 266188 254168 261217 246340 259598 238082 252713 273793 271847 241398 253501 249563 247069 245081 242423 223570 222268 268303 272197 246835 273189 247986 274286 259045 248218 226099 239712 229151 264570 251670 241084 271150 250623 253084 267390 252382 248364 262285 215870 240096 233486 237628 253772 247590 238500 243052 226414 257589 235145 237539 250594 250846 229314 244584 248126 223469 242219 261506 247141 222811 244255 221617 247302 267605 259929 255973 262304 221793 245426 249756 247210 251190 214643 250561 227698 228458 248391 270257 269047 241625 224879 236139 253741 235162 243220 242690 270253 
232016 235540 225320 267703 222243 292660 238217 245428 243700 229782 252973 237657 242545 255893 252380 268727 248362 239576 252240 252352 263406 273086 245270 264363 232216 227601 234976 212657 204038 221856 242340 252875 236810 271385 236119 246743 279952 228722 207259 237640 236275 224073 244380 256324 245418 235619 253021 243315 250140 211178 243428 199597 242105 233556 223791 246533 230014 232864 259010 214029 243525 211199 220663 247585 229306 240844 225526 236764 239487 240373 238813 246955 245113 247856 210834 250299 254871 249709 253808 244464 221389 238879 260355 240028 242742 225257 247828 223273 224873 234735 249446 248867 227614 239872 242837 239711 248636 217269 230569 243276 
223821 233897 220822 241807 224188 276749 237602 237463 257005 249122 252398 240024 243849 237005 250765 247174 260309 265025 260792 262111 257374 242724 238941 256545 237054 233529 241067 234389 201244 226565 258999 264941 232248 267745 254125 262639 266745 249093 218262 232080 232979 228236 246247 245545 274084 248667 251741 236632 247230 232818 263622 212456 245353 235558 231901 234837 253167 237747 247632 223204 242842 224759 224833 240547 246211 239301 224682 230385 240948 233458 246839 242418 249223 254392 212375 249131 252645 249520 233740 255585 221230 248246 247293 255919 240570 224200 235066 220678 237804 250091 260694 232979 242714 227038 236591 241312 238156 230957 247996 248801 
253027 255084 250102 283911 256840 302020 254674 274398 262986 264602 280446 260357 270303 276298 274856 278412 258000 271942 286550 298462 281671 276942 271501 276281 251187 255081 262977 245683 210865 249203 264890 270792 255014 297255 275268 299633 288763 259219 244500 269014 248586 264598 263738 254070 268774 278787 271433 257746 287311 245432 276960 239660 266498 245839 245811 269612 276630 242254 280037 231623 255887 253294 235535 273011 258637 245891 257248 249700 264266 253338 268316 268359 252866 268305 219047 280802 275140 252085 261572 273366 258640 270108 271864 275681 274410 260178 265229 234691 249835 258366 294425 292405 264028 258534 250840 259603 261464 265056 262649 276999 
248429 245833 226709 267202 217719 285721 251482 273043 242316 239344 244799 248465 250643 252628 231413 268930 267458 250528 246734 252584 254432 251910 242032 260709 252080 238744 224958 237239 207839 229836 252887 249495 243406 293262 246245 254499 276041 250831 222975 231184 225053 222155 259156 264715 273669 252015 247813 236208 248402 223357 291681 223005 239199 247953 213938 247831 256529 234662 270571 223909 239228 239242 220546 258090 246430 236264 237158 253663 242966 238293 256088 232632 236256 254995 221263 253556 265120 232088 251430 258741 237921 237862 276599 267066 230139 223377 246368 220528 233581 251912 262733 254518 250114 254364 241914 234935 251708 231321 247806 274450 
261363 259087 238916 277982 217816 302924 251605 255226 242122 264969 268727 250958 244096 251192 251136 260409 267972 261629 256137 279941 266383 278905 256542 275259 254661 228056 241267 246519 231687 229890 265699 270927 244822 278333 270943 267828 261375 241469 231531 252294 237594 244707 275260 254608 271808 273474 255609 250538 264402 244138 261217 228285 268325 246190 248949 255832 256054 256214 259790 230345 256464 253625 228421 257196 259666 227570 258111 248851 272733 251252 246274 249512 246820 262709 244371 259292 277022 242926 262164 261142 254271 265003 273574 270665 261971 223446 260889 236215 232098 255305 273238 267173 253658 238240 249749 245715 245605 242018 256304 288591 
255868 255013 245693 273222 242077 305854 261622 272012 247244 257650 272412 241823 254120 265828 249886 270134 239871 257195 264020 272167 274651 266234 258539 251671 252100 246624 257783 243850 223399 254318 254319 271090 254635 289471 257887 278277 259742 249214 233573 247340 227126 250318 280751 249294 275207 269013 267721 256301 262787 238802 267315 229233 255107 252152 252352 263851 270015 242210 260908 237959 246391 247071 228568 259662 258622 235997 253447 243363 264251 252735 260833 255042 241130 262541 230324 261734 253637 240020 256699 261580 249840 263920 262228 264468 260179 230276 265852 246428 228791 237853 278607 271808 251016 228653 244079 248435 251519 248285 234117 274586 
237441 238756 231105 271873 227886 288630 249810 245894 235736 257356 252371 247336 252355 249878 238253 273449 251068 244945 263654 265470 264697 255661 250163 267032 244319 233950 219947 231380 197929 239687 244801 259395 245527 267945 245834 277586 247473 242089 235047 247648 227726 240404 267788 246864 265648 238121 248558 244083 263491 228086 257772 212121 242788 228000 249938 263166 254512 230116 256948 233340 244152 227093 210329 241848 253962 232263 230412 237031 241870 235692 257284 256961 230627 241428 236667 241257 263162 236367 259167 258570 223535 249913 241410 247441 249087 232753 257875 234422 232964 246527 264489 270850 247088 235508 242232 239411 239090 222945 251021 272413 
235437 245828 225325 273334 226521 286681 238201 250269 242775 233491 241204 243789 249320 257164 240736 243646 268824 238871 238512 255430 237732 244205 238055 251975 261403 231106 251028 235223 219150 217457 251372 257673 237723 271902 251490 263001 240066 238382 212891 236798 219320 242548 258305 253451 248856 245311 267174 252032 257179 226836 245096 213986 251751 223646 216067 262223 244603 237685 249213 208835 251408 232571 223328 250565 232222 222406 223280 230836 237292 226748 251561 232186 227132 238860 207345 230373 254808 243133 235853 238395 227473 242790 251115 252931 259154 226509 242834 218416 218850 222631 265896 256187 241875 227306 239501 228289 246433 228694 242821 253076 
239495 240858 230459 267596 229856 279725 243976 253419 253750 239214 241682 237971 248439 269186 260403 257167 253713 266555 249146 285649 260912 251217 246899 264145 239293 232225 246129 251640 226428 236538 260094 281974 231731 275672 234608 268931 266944 257621 224226 246959 225900 247556 263741 253053 267777 252461 255116 259501 258757 239356 263025 220501 252532 240469 239167 250512 263191 234668 243818 225921 253798 227194 217439 250817 242945 230800 245594 257624 244813 231127 237321 248907 236694 248435 215955 248262 253688 251066 251013 262952 230914 244550 245852 263305 250616 239732 249804 216122 225108 235086 270066 248172 238453 226757 228774 246199 250901 237322 240167 249191 
244217 244506 230235 273070 225930 285789 248288 254277 254652 221351 238182 255275 249049 242123 236123 231603 266467 251507 252313 268700 245789 260871 219735 266031 233408 234712 252130 240874 230307 231088 250316 281872 247223 281128 261802 269956 259933 227063 207933 249917 214835 255749 255266 232805 271550 260305 265742 258108 247399 235943 262907 213995 250554 247528 242856 245728 249005 251966 245508 234363 249749 230687 211932 247047 238939 239907 248190 238980 248718 233810 249170 240555 257354 253622 230911 231831 247205 247646 251031 259957 238793 237311 253830 268438 253809 225737 253283 244878 221223 223364 275256 266646 226504 250519 240628 252322 245246 234143 236095 270491 
255432 266744 246224 281235 226950 295436 254900 269591 261767 251883 273254 252629 255222 260391 235827 260497 274102 257293 257849 278176 276577 267232 267546 257572 261050 239560 253568 256020 219522 241341 263773 275388 254860 278461 267463 280872 272162 246779 236815 247572 241932 263692 288659 261384 256420 273009 266597 259817 267201 238595 273075 246339 265769 244514 243657 264244 271041 260556 262720 252169 262132 251259 221435 251444 254716 225560 238716 243940 268846 258985 277790 265274 241151 249824 223312 241573 275386 240905 256577 269501 243580 264411 255438 273731 254507 228332 263843 237058 242064 254499 287992 268413 261532 241126 238298 252890 258953 240315 246750 271244 
255049 241467 230591 249501 227150 292285 241916 243803 232222 252540 249875 225533 260585 247560 239853 238522 229232 244625 242975 257253 250200 252568 244794 263183 241957 238300 228016 227940 227294 240459 247629 267407 247203 269207 241134 259126 247295 228329 212705 256973 230104 247472 263151 245286 251107 254220 269347 245853 241773 221663 249896 211524 244059 222895 233652 257886 255240 225034 253535 223323 256334 228100 232482 250715 227916 221478 233911 237581 242636 238902 256952 239082 234266 238905 214701 243124 254066 236628 243541 233683 235698 251659 248073 249908 235184 232027 253584 221441 226868 241453 255266 266975 230941 220931 233577 232529 239701 232531 224315 263193 
221955 210186 216269 253543 202329 268784 236558 238196 231267 224645 226583 215379 239456 210665 219031 226680 235882 231563 225259 251713 225935 244250 233981 242069 217487 219547 218030 216109 191301 220938 231511 260851 211580 245994 246709 244146 240368 209653 200120 217359 198017 225604 247147 225163 247668 240064 231834 217173 207944 218578 252730 195559 241078 228337 223913 236502 239570 222382 226010 206538 226919 223150 183020 242365 239500 215962 219762 223837 239870 225650 229901 221840 217198 226863 205308 246069 239797 218462 230626 239061 226595 229771 231484 229681 226539 210397 220733 219401 200148 215102 242458 249363 225671 206972 220659 216922 222651 232062 229953 251716 
230520 234100 218218 255022 209678 280180 228478 246314 217077 229445 235100 225098 237384 237308 227821 242880 239640 230506 219714 240009 238268 257161 223709 235717 237332 225525 223483 229094 205557 209541 228396 237745 241116 265630 229177 251972 241250 221112 215872 227398 215450 239545 246937 246679 241177 232893 228053 233433 231735 208673 245224 200710 231615 221921 215005 252079 233846 210865 240102 211183 232347 223612 199023 237119 229205 210731 217435 234438 219987 225851 240765 233088 228663 231865 210576 232747 248432 227329 246499 247733 219730 239661 249314 238851 235797 214152 235806 209609 217173 232080 250585 257183 228024 228796 223120 222713 232094 220211 235156 274472 
255378 253558 230757 280544 239910 299644 251179 255963 249795 256587 249671 255805 252933 266634 262680 258553 263277 258629 263328 284463 255667 284370 231883 264509 242394 236182 253030 259217 226844 240695 253860 284101 247222 294444 264248 265318 264189 255626 236294 246966 243467 252679 257603 238732 283006 268240 263398 260732 275358 237033 261093 225570 274904 249816 254170 271438 256975 260070 259003 238737 263129 258883 217707 265890 244187 230618 252516 253985 261021 244099 260226 246782 247250 263446 216713 253597 258720 254740 270461 286386 236263 272240 264141 258364 264453 227511 262006 244652 232501 250843 268497 267501 241257 237237 238677 258903 252741 246561 244130 280669 
226282 227161 213179 255792 211636 270479 248518 219654 239309 237108 233819 217305 226590 253447 225670 227641 231450 223834 232507 235977 250119 253330 233447 238135 228066 222593 223339 221909 206533 236188 239785 241884 228287 265414 229626 239044 244420 228592 205036 231870 216135 223972 245244 223122 263759 229939 247414 226457 248841 205409 238487 207166 222652 210577 230105 229073 251160 214027 226208 229080 229638 209419 215022 239236 218504 205447 221829 247069 232644 225202 241147 220816 217550 248056 192841 227834 234918 223464 240477 224627 223443 230345 242361 228861 216107 216277 228676 218935 208235 218934 262838 246063 225801 215290 229041 229799 231290 218000 217048 251160 
226437 231297 211370 238837 201432 252777 229418 239182 230807 211184 231765 234744 234072 239701 217596 218410 230959 236020 228844 242230 239157 227135 207245 223483 217675 217190 235304 220941 205118 231264 229844 266655 226482 246038 229414 259490 237613 230549 203915 219549 221818 229470 237360 216873 259874 233500 242932 235621 231050 209856 243075 196694 230172 214193 209088 238684 225483 224016 232176 218045 223634 213200 223516 219352 219643 207217 209019 225427 228029 229097 247002 213474 214258 235484 193076 224223 226858 219824 225213 235862 210794 229842 223566 237908 217801 212670 234838 221598 202396 220776 243683 222305 219929 211304 212394 225304 214458 204903 217798 236055 
227314 238451 221936 263245 221979 274884 231956 237110 241461 233659 248389 238500 232936 272240 235623 264867 247506 244596 249647 261580 238186 247775 251943 247789 244651 235345 245250 235637 211315 221866 239981 259604 233702 265714 240674 271188 241888 235832 230986 236533 225530 249200 254925 231665 243500 253416 254280 244822 258959 221627 261908 211906 243841 237251 229835 243574 250197 236353 256632 212351 237380 238903 215876 250858 237529 213978 218317 248500 225016 242750 261616 246237 221817 241165 209170 237506 256428 255662 234719 268145 225268 234614 233567 262775 233523 224793 253102 211309 228697 235536 260108 265028 235344 227908 227062 244031 252526 244144 240865 250098 
207407 242875 216132 245505 219223 282278 227371 227000 231906 239003 240135 229368 226158 234338 228876 248448 255627 250232 246120 237882 254244 251690 227272 237130 232689 219057 235084 225265 210850 230282 242620 238442 231685 257516 247779 267810 238601 225251 215522 223460 234648 231648 234426 219897 258649 254641 237184 225608 253611 225289 251398 206401 233769 238721 234046 230253 243241 240629 235536 230810 247884 227166 206033 239007 232432 214866 237688 220792 233114 245137 241808 234730 229843 245108 209130 240820 243586 234148 243523 257619 219142 230490 247454 253742 261708 218440 248285 216150 216646 231755 256399 242964 241096 231726 221692 229364 234390 221949 238172 261483 
286971 279459 265870 301149 266997 321536 271948 264303 283845 268362 270704 270765 289230 286310 249990 272772 290488 275427 262130 293032 287772 286659 263645 274267 268235 260735 273265 277244 248205 253396 276939 303103 276223 298966 290573 314210 274320 269052 242655 282727 267191 285032 299414 266637 310587 300669 277507 280659 277170 253701 285756 255466 276271 273812 253894 299005 289631 273502 278615 261551 293268 248683 258695 278813 292084 244113 268952 269854 269400 273631 287301 259646 259710 273090 258684 272063 286828 263093 278392 291603 257302 293413 282261 276712 284687 250764 282076 260130 253252 257327 301439 297583 275537 267130 275971 257526 267716 250059 269409 301062 
229944 244296 201408 256433 204560 262776 221677 233550 214368 211517 228261 215244 230139 236872 216132 235933 224892 233163 225211 237096 233751 236742 228365 228414 224007 212099 240971 227534 207162 206540 227496 242575 209787 247457 226694 259270 241042 224746 201656 220700 205030 217343 250797 222220 239256 242968 238932 210338 228359 211281 252692 199535 228160 221501 215249 230170 244417 212407 235533 216150 214662 206555 197682 223085 224759 197799 207272 219097 213618 216802 238002 220744 202909 218161 210308 212410 231391 226875 221535 233691 210001 231014 235002 227521 211296 203370 230105 209921 205341 221449 246896 245039 230785 204329 221564 205924 228666 227806 227771 245197 
237158 232296 229440 277989 229988 286637 238877 234262 260318 230080 246561 234768 241334 256812 242508 257247 254422 242933 235040 252592 242219 262637 223873 231620 238206 223552 231755 235332 216810 221330 250043 276059 226712 243099 248004 272768 243222 223186 223626 234841 216683 238344 243835 220309 262872 241659 238501 248159 233432 222181 246850 205250 249922 227553 227998 247059 235358 253666 248406 222688 248358 213465 200318 247318 235233 219242 230701 249288 233488 226968 242675 241643 231273 258044 235018 247626 248844 228127 254762 257756 239750 240632 237477 248433 249609 208690 234744 228722 222345 240847 256606 248866 216091 233447 221826 231657 213854 223306 230800 250306 
262723 270999 249230 292393 242965 314366 264334 260678 264019 266281 283069 256314 272843 276054 250819 261803 274502 274295 257875 265396 267230 270041 262494 269328 269667 254012 271437 256143 229145 243986 280096 271751 246936 301435 267150 286805 279620 238366 258076 248615 259997 254656 284749 280922 283549 259150 279089 245347 276850 241342 278061 234464 258515 254408 238120 276715 271142 242188 258405 245615 264551 275757 237800 255700 262776 242994 244004 262484 263699 256568 266648 281654 261903 258780 243248 246274 271944 250796 282804 279482 244213 266665 273458 278890 266361 231922 270397 245237 240824 267210 279282 286916 268956 245174 247355 240375 260750 250340 251615 284085 
252561 263961 256364 281924 250889 300991 268721 263916 279177 272138 287102 268268 279486 273814 264236 272945 272597 267152 257193 266404 282287 278613 272738 274235 259849 248043 259579 265637 236217 259336 280660 293259 256880 284356 295622 306219 268161 267584 240797 257573 253241 267458 288935 254688 295764 285007 275342 271231 278901 262758 284543 227389 273459 247711 251341 269779 284785 268894 274605 264105 263535 249522 237483 270427 277023 244696 252744 257432 261408 270038 280640 271597 245500 262757 234244 272897 291452 266040 272387 287354 261380 269695 265818 285244 278242 236903 285259 249147 246246 267799 290554 269404 267548 235815 255391 276387 257973 267530 268559 286388 
249799 260469 236067 285735 250073 298963 269478 254132 260227 249975 242741 249297 268416 272981 265523 268208 268895 280565 258816 282796 268238 270412 244558 271637 248236 251148 246993 241344 221232 229719 268731 278170 247602 285802 264831 289546 274096 249713 222362 259258 253689 253111 269162 260889 280498 271508 280234 260722 263920 244517 281381 234085 253033 256859 225183 263842 292044 247550 264626 236663 261695 246569 245339 266605 245984 240477 254463 258225 274183 246031 269993 247895 242958 275367 218378 248716 268120 248107 247363 262113 239155 262175 281591 276588 260431 235377 275971 226002 228367 244667 269429 276865 259536 251596 238841 257006 261572 254873 250719 265557 
248520 232194 214406 267296 216950 283767 236995 254119 228891 250658 238625 245201 254871 241076 249893 251256 239794 259480 244341 260916 256447 244125 234551 260223 228187 224306 228055 233173 211926 223117 252810 279147 230150 273091 252110 264086 262617 241827 223370 239269 226309 237548 256679 233510 266384 236264 249240 243121 246799 222206 257720 209877 246037 228950 227833 236301 247730 230252 248457 219640 245797 226361 197526 247730 237681 217510 247856 240470 245369 234513 229116 248709 235979 249892 219983 249220 253728 230138 251987 259420 233635 234301 243765 250017 249555 225766 244228 223821 220942 247031 254505 249305 240683 219556 232624 233873 244510 228404 243794 259424 
